0.9296
1.6848
0.8278
1.1724
0.4305
1.1389
3.5505
0.4591
0.9856
9.9966
0.0669
87.1178
0.0249
8.3435
0.1836
0.6613
0.6237
9.2228
0.0685
6.0490
0.5616
2.1096
0.3765
0.3745
6.1282
0.5038
0.4259
1.7197
0.4481
2.1230
0.4695
1.2429
4.0844
0.6325
1.1857
0.3263
6.2568
1.9685
0.3098
2.0724
0.2477
1.9069
0.4010
1.4077
1.3214
0.3545
1.0326
0.9707
3.2677
0.3165
1.4931
8.7334
0.2098
3.0786
1.9552
0.0701
0.8457
1.2713
1.5639
0.4862
0.7662
6.7022
0.1471
28.0526
0.1186
0.5638
0.8020
0.8044
1.0691
1.0092
2.0286
0.6122
0.9453
1.1812
0.7391
1.3896
2.8555
0.2136
1.0135
2.5367
3.5634
0.0957
4.0520
0.4030
0.8326
0.8734
1.2189
0.7311
1.0547
1.8615
0.5104
36.5761
1.8756
0.0214
1.8500
0.3716
57.3038
0.0176
3.3248
0.3489
1.4579
0.7413
1.3320
0.8371
0.9750
3.1128
0.7944
11.5545
0.4798
0.0591
0.9356
1.0218
1.2873
40.8820
0.0404
0.4430
1.2355
1.0505
3.3005
0.2755
2.9886
0.5686
1.3503
0.4316
1.1805
1.8393
0.4918
1.1507
2.4436
0.2639
1.3784
0.7985
1.6414
0.6578
1.2416
51.5972
0.0695
6.0341
0.0369
16.2295
0.0664
1.2722
79.6863
0.0103
1.2840
0.7237
1.1282
26.7243
0.0329
0.9333
1.0442
2.6983
1.5056
0.2425
0.8646
3.5724
24.5157
0.0700
0.3029
7.6409
0.1217
2.0229
3.6359
0.1665
1.0317
1.0121
0.9468
5.6617
0.1111
0.9829
0.9127
8.8219
0.6205
0.8978
0.5093
0.4057
0.8350
66.5057
0.0185
0.8997
1.3609
1.4745
0.7037
0.6338
1.4556
0.8952
1.1032
2.2857
0.6073
3.7329
0.6853
0.2262
1.1349
12.0068
0.1010
1.2095
0.7608
0.8355
1.0244
1.2245
1.0213
1.8868
0.9622
0.5255
1.7251
0.7114
8.1193
0.5163
1.6862
0.0773
1.4443
9.1052
0.2046
0.6268
2.2653
0.2901
2.5447
0.6437
26.3073
0.0359
1.6325
0.8498
1.0253
0.4978
1.1056
0.8138
1.0258
0.9209
1.0462
1.1335
12.2830
4.1932
0.0356
0.9551
0.6509
0.8569
22.3925
0.0471
4.9469
0.1879
0.8534
4.6816
0.4614
0.8299
4.5334
0.1876
311.8595
0.0051
0.6603
1.5042
9.7521
0.0455
1.2269
1.5660
0.5659
1.1675
0.7961
1.2312
1.7279
0.4560
2.1186
0.7855
10.7927
19.3426
0.0039
1.0588
0.6688
1.3501
0.9983
0.9985
2.5326
1.5982
3.2019
0.0682
1.3097
6.3981
0.1169
0.8757
1.0154
1.7224
0.6569
6.1933
0.1552
2.5657
1.5746
0.9747
5.8463
0.0639
0.8249
2.0018
2.0708
0.8299
0.8472
0.3394
1.0762
0.8215
18.3137
2.3235
0.6368
0.0645
0.6988
1.4180
0.6461
1.9674
0.6237
1.1091
1.4665
0.7593
0.5627
1.5097
7.9117
0.0956
2.1064
1.3264
0.4474
0.6210
2.9298
1.5491
0.2791
0.9819
1.4173
1.2667
0.7186
1.0373
22.1770
0.0296
2.2333
0.7912
4.9767
0.1539
6.5222
0.2374
1.4089
0.4371
1.0358
1.1565
10.7094
0.0864
3.7488
0.2043
3.1529
0.2845
5.3461
0.9144
2.4102
0.4425
0.3500
1.2548
1.8831
0.9582
1.8755
0.4293
0.3468
2.9260
0.4752
7.7342
0.7344
0.1906
3.5068
3.2357
0.0481
1.4497
1.2793
10.7054
0.0512
1.4558
9.2494
0.1878
0.6534
6.6540
0.2076
0.8854
1.5385
0.5363
1.0547
0.5456
2.4801
0.4976
3.8611
0.2930
0.9126
1.9471
1.0561
1.3981
0.3877
1.2846
0.7693
1.5466
2.0503
0.4808
1.2212
0.4494
0.9651
2.6800
0.6565
13.0003
0.0591
1.5579
1.1578
0.3827
1.9789
1.4343
4.7561
0.2289
0.7589
0.8198
10.0816
0.0494
1.9311
0.6327
0.8247
2.3920
1.1608
0.8373
1.2119
0.3462
1.6870
0.8745
1.5068
19.9652
0.0297
7.6535
0.1641
0.8668
1.3500
2.0648
0.3768
1.0293
1.0854
0.7724
0.9674
4.0852
72.0232
0.0054
0.9376
0.8454
23.1047
0.0602
18.5208
0.0403
1.3547
0.9763
4.7922
0.1372
1.7313
2.5195
0.2459
1.3604
2.4633
2.4452
0.0799
1.2136
4.0691
0.9667
0.2556
1.2228
0.7017
2.2259
2.3742
0.2373
4.6678
0.2270
4.4427
1.2463
0.1632
0.9516
2.4390
0.7521
4.1153
0.1657
1.3405
2.0126
0.2805
2.1444
1.3726
1.0061
0.4038
16.2495
0.5253
0.6800
8.1714
0.1034
0.2094
0.9319
1.2240
2.0384
0.3195
1.8807
1.9757
0.2607
1.7469
15.8033
0.0431
2.7586
0.7231
1.4384
0.4322
0.7356
4.6830
0.3603
1.1996
66.7641
0.0773
0.1700
0.6982
8.3919
0.0934
1.7639
0.7604
3.9416
11.5538
0.0167
2.6924
2.9373
0.2578
0.8445
0.9503
0.8812
0.6669
3.2663
1.7580
0.5467
0.3443
8.9800
0.1459
1.0925
5.8839
0.1386
5.1536
0.1660
1.1869
1.1360
5.8053
0.8078
0.3525
0.7623
1.4473
0.3789
2.6470
0.6246
0.6280
1.4387
3.1816
0.2119
1.4834
1.0404
0.6840
1.4583
1.9561
4.8478
0.1120
0.9657
0.7242
8.8421
0.1121
3.1828
0.6237
1.5793
0.5991
0.5240
1.3914
1.1374
8.6248
0.1398
0.4495
4.5574
0.2601
1.3216
10.1142
0.0674
1.2167
2.7670
0.7906
0.3498
1.6061
12.7884
1.1646
0.0455
1.1924
1.2849
0.7829
1.1924
1.7630
0.7247
0.5315
2.3857
8.8467
0.0570
0.9797
4.9740
0.7943
90.2486
0.0025
2.8421
0.4292
0.7462
1.0877
1.2300
2.0692
0.5729
1.3923
0.6661
0.6830
3.7544
0.3941
0.7100
2.0874
0.5367
1.2058
0.8598
0.9755
0.8724
0.9788
4.8957
0.2291
3.1638
0.4021
1.5000
2.7516
0.8551
1.4958
0.2196
1.1265
0.5286
1.2803
1.4996
0.6558
0.9269
0.9473
6.1755
1.1895
0.1450
50.9516
0.0164
2.3816
1.1794
0.4854
0.7499
1.1176
1.5185
2.2230
1.2167
1.3125
1.3087
0.2814
0.7837
6.1944
0.3368
0.3425
35.6516
0.0690
10.4568
0.4307
0.0940
28.9996
0.0265
4.3083
4.8778
0.0489
3.3674
0.3105
0.9893
1.6926
1.0683
1.2900
0.4193
1.8490
1.3012
0.4778
2.2198
0.3836
1.4722
2.2062
0.7252
0.5565
1.5079
2.0246
0.2485
3.2996
0.8243
0.5991
1.0360
0.9284
1.3766
0.7279
1.1416
83.6253
0.0416
0.1544
2.2027
0.6498
2.2082
4.0097
0.1358
1.9205
2.3796
0.3211
1.7806
0.3513
1.6343
1.2295
0.9356
3.5659
0.0964
2.6070
1.2395
0.5758
2.0020
0.5490
0.9836
4.0419
0.1316
10.0530
0.0926
1.2883
2.2551
2.1992
0.6432
1.2376
0.3621
2.1345
2.1927
0.1318
0.9454
1.0419
1.4615
20.6751
0.0742
2.4662
1.2659
0.1612
7.3851
0.1063
12.7223
0.0825
1.3033
1.7997
0.7746
1.0665
0.9456
0.9262
9.6548
0.1828
0.6648
0.5899
0.9406
1.6091
4.0342
0.1683
1.9046
1.5452
0.3057
363.4764
0.0030
1.0760
0.8504
1.4820
13.4271
0.0488
12.6970
0.0946
1.0562
0.8331
1.7815
1.5635
1.6778
4.4310
0.0578
5.1397
0.1575
7.6719
10.6720
0.0320
0.3656
7.1029
0.8717
0.2704
1.0548
1.4025
0.6303
3.8481
0.3842
1.2503
0.6213
0.6320
2.6757
0.7717
0.8282
11.7243
0.0454
1.0301
1.3565
1.1480
1.5284
0.9558
6.1820
0.0711
2.1793
5.2290
0.1122
4.6210
0.1463
1.2579
4106.9756
0.0006
3.6136
0.1196
0.7780
1.6522
1.1036
3.0415
0.9384
0.3684
5.4284
0.1834
1.2967
0.6132
0.8757
1.6166
3.0062
1.0849
1.3797
0.1089
0.9750
4.8226
1.6043
0.3187
0.5037
0.8397
1.6100
0.6907
6.2901
0.2049
1.5481
0.5829
2.3083
0.7649
6.2835
0.4270
0.5133
23.8962
0.0307
1.0065
0.4512
1.3520
0.9196
0.9062
0.9946
0.9622
3.4725
0.2458
1.0964
1.4228
0.8439
0.9444
0.9200
10.8971
0.2644
0.6864
0.9763
1.4153
0.4271
0.7223
2.1553
5.0719
0.1007
24.7143
0.1249
0.7930
1.8823
0.3908
5.3460
0.2643
0.9548
0.8195
16.0065
0.0460
1.1489
207.3641
0.0036
2.1141
0.6084
0.6796
1.9067
0.5514
1.3121
1.1196
1.3494
0.8028
1.6521
0.5419
2.6231
0.2653
2.0676
1.4045
0.8006
12.8447
0.0431
0.8085
0.7415
1.9702
0.6096
1.7179
0.9756
0.7479
1.0260
7.7489
4.8612
0.0649
4.2930
0.1444
4.9823
0.0918
12.0877
0.1095
1.3631
17.0347
0.0303
2.1499
0.4911
1.2618
1.0614
2.1747
1.6638
0.5866
0.5269
1.4279
1.0364
0.7597
2.3081
0.8185
0.7333
0.8009
0.6008
1.0251
0.8154
2.1680
1.3928
0.5870
0.8131
2.3468
0.8335
0.6096
2.4351
0.3880
0.8656
4.5787
0.7484
0.2202
3.1528
0.4894
1.2230
0.7158
1.2347
0.7910
1.9498
0.5786
0.8003
1.2368
0.6720
2.3567
3.3915
0.5111
0.3048
0.9753
4.9143
0.5933
0.2991
9.9866
1.3380
0.1251
0.5913
1.4895
1.2620
0.6217
0.8851
3.5380
1.7798
0.1846
2.8393
0.7316
0.4882
33.7994
0.0872
1.1887
10.5896
0.0221
1.4138
3.1417
0.2146
1.7676
0.6517
1.3966
3.3597
0.2655
1.2795
1.3890
0.8132
1.2571
0.5413
0.7509
2.6813
0.3900
1.0281
1.2196
0.7238
5.4116
0.4600
1.2622
0.7725
3.0090
0.6224
1.3388
3.8657
0.1980
0.3516
1.5156
2.9336
0.1623
2.3412
1.5826
0.2512
0.9285
3.2107
7.2779
1.1494
0.1071
0.6615
0.8015
1.0656
1.6159
1.4081
6.1412
0.0426
1.0654
1.1966
1.7146
3.1678
1.2554
0.2983
0.5443
7.8081
0.1156
0.7545
2.1659
0.7632
0.7477
2.2379
58.4840
0.0079
8.7674
0.1874
1.8893
0.4980
5.6555
0.1973
0.7231
1.4468
0.7445
9.1130
0.2657
0.6315
1.9377
0.2672
11.2410
0.0771
1.7871
2.5175
0.6567
0.5706
0.5119
1.0782
5.0063
2.6301
0.0892
1.0858
3.4136
2.4567
0.1310
1.4237
1.3954
2.3418
0.2129
0.7407
1.0279
1.3913
0.7569
26.0330
0.0735
0.9416
1.9275
0.2436
1.0541
10.6205
0.1279
0.8401
8.7456
0.1406
0.6596
2.3098
0.5453
1.0939
4.8529
0.1552
1.3574
1.0707
0.9438
1.0644
3.1599
0.6072
1.9833
0.2460
0.7402
4.2934
0.9893
0.5720
0.9886
0.5153
1.9090
0.9558
0.8265
0.5637
1.9370
0.4639
10.3385
0.1686
1.4169
1.8114
0.2474
1.1603
1.8558
0.9319
1.4673
0.9791
0.5220
0.7541
1.5252
0.8600
1.9112
6.4669
0.1906
0.9181
0.3569
0.8259
2.0255
2.8724
0.2288
0.8765
3.0272
0.3124
1.2347
2.9974
0.4488
0.9182
0.7162
1.1015
28.4376
0.5702
0.1012
1.3023
0.6167
1.0460
0.6340
30.8820
0.0647
1.4552
0.3053
2.8158
0.3514
10.4498
0.1442
1.2838
0.8585
0.9504
1.1662
0.9177
0.7139
2.4866
0.6546
5.1851
0.2017
0.5594
1.4734
1.4601
12.6941
0.4792
0.4949
0.1256
1.2734
1.0215
1.4460
0.6790
1.3360
2.5925
1.0392
0.2249
0.9844
2.6478
1.0577
2.4843
0.2994
0.8292
4.0587
0.1792
0.7989
1.1990
1.6013
3.8874
0.1649
1.5899
2.0336
2.4913
0.1159
1.2802
9.1646
0.1037
0.7545
1.2521
1.2542
1.5469
0.7083
0.7123
1.8788
2.3706
7.4475
0.0315
5.2994
0.2528
1.5865
0.4275
2.5995
8.3819
0.0867
0.6005
0.8253
2.0858
0.8980
0.8516
0.9096
11.0189
9.7348
0.0322
0.2767
0.9136
3.1519
0.5148
0.5144
1.6635
1.1239
3.6071
0.1925
0.8325
1.4507
3.8117
2.4559
0.0550
3.5012
0.4601
0.7296
2.4390
0.7400
1.7992
3.2260
0.6039
0.2120
4.6590
0.2250
1.6719
0.3708
3.6279
0.3031
2.6845
0.5856
2.0377
0.4227
1.0320
0.7579
1.0823
0.7701
1.9843
16.3340
0.4472
0.5467
0.7943
0.4218
0.4159
2.9690
0.5610
0.9761
0.6039
2.6769
0.4733
3.9125
0.6441
5.2927
0.0550
1.8918
332.6620
0.0023
0.9177
1.4894
0.5150
0.9707
6.2773
0.2442
1.1789
0.7865
30.2889
0.0237
2.3463
2.0123
0.2781
4.9717
0.2977
0.5948
1.5534
1177.1791
0.0024
0.3412
0.8371
4.5435
0.1516
2.1480
8.0366
0.3934
0.9771
0.6011
1.0065
0.3905
1.7428
1.8162
0.3017
1.2759
0.6334
3.2564
0.2793
4.9366
0.3821
0.5564
0.9451
1.6186
0.7034
1.3228
1.0063
0.6621
1.3144
1.1498
1.2592
5.2962
0.0989
5.9371
0.4065
1.1503
2.6653
0.1218
1.0206
1.5152
1.4463
3.4996
0.2361
1.7650
0.5778
1.1868
6.8287
0.0667
1.0261
3.2236
0.5278
0.7397
1.3905
1.3863
0.4079
2.0946
3.6092
0.2449
4.3296
0.8896
0.5130
0.3175
23.2904
0.0470
0.8687
0.9083
4.6802
0.2098
1.2999
1.1711
0.6559
4.4996
0.2467
1.4813
0.6160
1.1775
0.9902
20.5223
0.0502
512.8161
0.0016
1.0654
2.5938
9.5477
0.0379
2.2873
1.2918
1.2032
1.1693
0.9703
0.5395
0.5224
2.2878
0.7700
0.8605
2.6626
0.2932
0.8504
8.2791
0.7918
0.1503
5.3202
0.2259
1.2435
0.8792
0.9866
0.9037
0.8578
0.8880
1.2705
0.9973
1.6104
1.9163
0.2604
1.0776
11.1703
0.0866
1.3111
1.1479
0.7804
1.5648
0.7087
3.2879
2.5792
0.3222
1.7818
1.0880
0.3079
1.3456
0.6008
2.1436
0.3058
2.1339
2.2697
0.3155
3.8260
0.3910
1.5415
0.2394
2.1882
0.8361
0.6105
0.8972
15.7996
0.0629
1.7975
2.1961
12.7178
0.0574
0.4171
1.0308
1.6033
0.5489
8.8609
0.1031
2.8271
2.0861
1.4676
3.0038
0.0600
0.6673
2.9069
0.4296
3.2691
0.3638
1.2900
0.7796
6.4239
0.1006
1.5135
3.9517
0.6169
0.3569
1.2247
3.0364
0.4973
7.4231
0.1394
0.5402
1.5811
2.1912
0.2876
0.8445
0.8774
2.0454
0.9160
2.1720
0.9334
0.2614
2.2893
0.6047
2.5879
19.3182
0.0216
1.5211
2.9272
0.1767
1.0506
1.1022
8.2020
0.1291
2.9301
0.7656
1.7197
3.7260
0.0556
3.3130
1.1620
0.2930
17.3900
0.2277
0.4325
0.6348
0.8814
0.9548
3.6375
1.0416
0.5717
1.8458
0.2832
3.7107
1.4240
0.1579
1.5986
1.9935
0.2845
1.6004
1.0008
1.2370
2.9176
0.1905
1.1480
0.7746
3.0917
1.3341
0.3170
0.8649
21.4633
0.0466
1.1904
1.0022
0.9843
0.8667
3.1874
0.7601
0.7110
2.7992
0.2109
3.4156
0.7105
0.5645
1.3022
0.9851
0.7378
7.1617
0.1419
0.7791
1.3384
5.3348
1.2042
0.6960
0.3021
0.6642
2.8864
0.8894
1.6641
0.4068
2.8611
0.1401
2.0194
7.2105
0.2180
7.5281
0.0919
0.6774
0.9001
1.8232
1.2430
0.9235
0.5596
1.8266
2.2290
0.5368
2.3022
0.1898
35.3730
0.0191
1.7508
8.5652
0.1198
3.0765
0.3761
0.5163
10.4694
1.1718
2.2275
0.6217
0.1652
0.3990
2.1697
8.7653
0.0960
0.4818
1.1046
2.0034
1.2994
0.4144
0.7781
1.7297
2.6159
2.2173
0.1202
1.9914
0.4477
1.5229
1.6187
0.6811
2.3876
0.2513
1.0004
0.9491
0.9765
1.2498
1.8505
0.4446
1.8179
0.7503
1.0878
1.1283
2.7248
0.3341
1.7223
0.7440
0.5245
1.7378
1.7847
0.3940
33.4960
0.1253
0.2965
0.9179
1.9274
1.7025
0.8006
1.2298
1.6917
0.1968
0.9390
1.6087
0.4235
1.0043
1.9026
0.5792
2.0941
0.4307
1.9944
1.1540
0.5163
1.7322
6.1326
0.1226
0.8159
1.0426
3.1548
0.5164
3.7081
0.2795
3.5008
2.8715
9.7693
0.0084
0.6605
1.7770
0.6896
0.7226
7.7546
0.1493
1.4046
1.9945
0.4577
0.7645
16.1267
0.0933
0.7470
1.8774
2.6893
0.2147
0.9986
1.5121
0.4861
1.0005
0.9691
1.2587
1.6020
0.6006
1.3349
1.0760
1.2542
0.5641
3.8303
0.2170
1.7169
1.0095
5.7163
0.1011
1.3744
1.9906
0.5848
0.5775
2.1453
0.6502
1.5635
0.7328
11.4518
0.3191
0.3012
7.6823
0.8581
0.4994
0.2261
1.0466
4.3250
0.4423
2.3017
0.5030
1.0979
0.3136
0.9477
1.8336
0.7871
1.4120
1.5258
0.6201
0.8559
14.5614
0.0757
0.6942
4.5655
0.3373
6.5680
0.1368
1.4094
4.0359
0.1613
1.1638
1.3245
2.8363
0.1438
2.0808
1.8750
0.3029
1.7277
5.7609
0.1217
2.4187
0.3646
5.0532
0.1778
223.0194
0.0332
0.4414
1.6418
2.0601
0.2920
0.7058
32.1476
0.0142
1.3658
0.6178
1.6502
1.0465
0.5976
11.4433
0.0982
3.6877
0.8373
0.7296
1.7445
1.0940
0.5458
0.6372
0.9145
6.4005
0.5034
5.9660
0.0517
0.9566
2.6764
1.6024
0.3130
1.3891
2.2792
0.1570
49.2730
0.0351
0.7542
2.5398
0.5356
0.7459
8.3013
0.3561
0.4348
0.9354
0.9336
0.8837
1.4315
0.5949
1.4761
0.8531
2.2718
0.5220
1.6712
1.2728
0.3666
1.1923
5.9429
0.2832
6.5075
0.0766
1.2861
0.6621
0.9904
4.4141
0.2519
333.0605
0.0759
0.0384
1.7328
0.6103
1.4960
0.5370
1.5013
4.5063
0.2026
1.0140
4.6504
0.5400
0.5848
0.6791
0.9559
1.3299
0.6212
1.8034
2.4515
0.2113
2.5068
0.5480
3.5427
0.2125
13.4735
0.1079
0.6375
3.9002
0.2592
2.1343
0.5364
5.4621
0.2922
0.7771
9.6720
0.0771
10.6247
0.1160
0.8473
1.4514
1.4034
1.0633
0.5381
2.3742
1.0217
0.3311
1.3568
0.8044
2.0483
0.5170
4.5281
0.2165
1.8571
0.9289
0.7765
5.5626
0.1326
4.3159
0.3899
1.5447
0.3571
3.2202
1.2812
0.2284
2.0226
0.7552
3.2422
2.0026
0.1181
5.6162
0.1490
3.1267
56.0144
0.0636
0.0955
3.2148
0.3781
2.8157
0.6956
0.6353
0.6314
1.1936
1.2384
1.9085
0.5427
0.6714
3.8861
0.7732
0.3624
4.4567
0.6172
0.3563
1.5005
0.7158
1.0604
0.8397
19.1396
0.2011
0.9001
0.7362
2.3506
4.1485
0.2388
0.8032
0.8938
0.6530
1.3123
2.5061
0.1173
1.1998
16.8566
0.0947
0.8077
2.8332
0.3801
1.8107
0.7646
0.3924
1.2958
9.6449
0.1262
1.1660
1.4324
5.8180
0.0873
4.0809
0.7924
0.3468
4.5294
0.1565
1.5336
1.4297
0.5551
4.6504
0.1844
50.5143
0.1213
0.1489
1.7058
0.9016
0.8051
1.2874
0.8507
1.9945
0.7502
2.3578
0.3625
2.4135
0.4673
0.5214
3.9300
0.3672
0.7396
1.2899
4.4608
0.3576
2.0328
0.9725
0.2224
2.6627
0.5665
2.1122
0.3299
1.0047
3.0378
0.3946
3.7858
0.2735
0.8605
5.8945
0.1544
1.2003
1.6639
0.7323
5.7358
0.2519
1.3052
0.3927
1.1930
0.7544
1.1326
156.8059
0.0070
0.8863
9.2775
0.0961
3.2606
0.4594
1.3880
0.6416
18.8363
0.0450
1.4154
0.6286
1.3020
2.0044
0.7816
0.8189
4.4146
0.1675
2.6794
0.4912
2.1000
0.4556
0.9358
4.7134
0.6024
0.3812
0.7954
0.8720
1.3698
1.1162
2.5772
47.8973
0.1792
0.0448
1.2958
0.5294
36.4619
0.1550
0.2997
3.2142
0.2033
0.9831
1.0453
1.3043
2.3223
0.8946
0.7589
0.3992
3.1137
0.3102
1.0366
1.7070
0.6467
7.3535
0.1473
2.7042
0.4080
1.1468
2.2531
0.7602
0.8328
0.7613
2.1710
0.7967
0.4148
3.9087
0.2011
1.4890
0.8032
29.1312
0.1222
3.7721
0.1038
0.7150
1.6187
1.0403
2.0001
1.8323
0.5330
0.4370
1.5726
0.5141
1.5394
0.6931
11.3231
0.1174
5.9590
0.6847
0.8244
1.7009
0.1621
1.8936
0.5220
0.7180
1.3015
2.6754
0.2543
3.1650
0.4113
6.0362
0.1694
0.6485
28.8225
0.0351
1.0409
1.1554
4.8765
0.2525
1.8763
0.4632
1.4075
1.2979
0.8589
6.7838
0.4087
0.2555
1.2778
6.0248
0.1884
365.2833
0.0018
2.3372
3.6605
0.3401
0.4945
1.2279
0.7327
4.8392
0.1296
1.2894
1.4249
14.1727
0.0353
1.2676
14.1889
0.0789
1.0348
2.5045
0.5492
0.5711
1.0849
1.0978
18.2137
0.6443
0.0936
1.3218
0.6831
1.7228
0.4837
1.8862
0.9614
0.5449
7.7515
1.1286
0.1422
0.7064
1.2251
1.0547
2.1072
0.5164
1.0553
16.5895
0.0796
0.5567
10.5276
1.5966
0.0665
1.0214
3.6727
0.6167
0.4558
1.7777
2.7885
0.1744
4.7210
0.2259
1.1220
5.2638
0.3243
0.4887
3.0185
0.3618
0.8235
1.1225
9.6269
0.1318
3.0785
1.5558
0.2928
0.8543
0.7425
0.9391
1.0124
16.7294
0.0754
1.2407
0.8346
5.9423
0.2371
0.8858
1.1554
0.4405
1.3760
2.4656
0.3530
1.4224
0.6924
2.9478
0.5985
1.6971
0.2935
1.0801
0.9406
1.7492
1.6639
0.4178
1.8339
0.9337
2.7980
0.2029
1.2049
0.8337
2.1848
0.7913
0.9019
1.2654
0.4580
1.0769
4.4645
0.3617
3.9759
0.1478
1.0023
3.5922
0.4127
0.5741
1.0473
1.8620
0.6837
2.7300
7.0345
0.0396
2.4649
0.8103
3.8110
0.7986
0.2489
4.7487
0.1960
3.6485
0.2348
1.1745
1.0005
1.0448
208.9148
0.0040
0.9811
0.8352
9.0230
0.7476
0.2189
2.2256
0.9726
0.4809
0.6968
12.2867
0.1190
0.9674
6.2093
0.3272
0.4682
0.6616
2.2252
0.6350
2.0779
4.7768
0.0829
1.7534
0.6591
4.3793
0.4586
0.3867
1.0630
1.6655
4.0684
0.2119
0.9002
1.0271
10.4748
0.0995
1.4305
0.5009
1.0718
6.6073
0.1347
1.2139
2.8557
0.2854
54.0363
0.0805
0.5601
0.4842
1.3711
1.3121
1.1157
0.7771
11.0426
0.0556
0.9539
2.9967
0.3219
0.9495
3.1822
0.4324
3.0944
0.9069
0.2688
1.5328
0.6710
1.8479
0.5565
1.3410
2.1842
1.1827
0.3133
4.3407
1.2089
0.2760
0.5897
2.1322
0.8238
2.4007
15.1667
0.0617
0.5869
0.4235
14.3789
1.6921
0.1706
1.1566
0.7341
0.5957
0.8585
0.5624
1.2290
1.1695
1.1574
0.6715
4.0330
0.3567
2.4777
0.3113
0.9888
1.0220
2.5598
0.3021
3.1796
6.4860
0.1618
0.5961
1.5752
0.4589
0.7003
1.0584
1.1116
5.0540
0.7193
0.4006
1.6263
0.3779
20.9943
0.0480
1.8314
2.0349
0.3381
1.1048
3.6419
0.3584
27.8151
0.0191
2.3691
0.4871
0.9006
1.2654
1.0188
1.0629
1.3972
7.3765
0.1585
0.6141
3.9749
0.3716
0.6282
0.9044
26.5340
0.1844
0.5183
0.3835
0.9477
34.0820
0.1585
1.4792
0.4967
0.2742
5.3897
0.5175
0.3093
1.6500
0.6767
1.3902
0.7501
0.9535
4.3697
0.4865
0.6693
0.6666
1.4605
1.9592
1.5329
23.7583
0.0245
0.3428
2.2877
0.4653
3.8674
0.3335
1.4153
1.2201
3.1967
0.4949
1.0666
0.7272
0.6314
0.7368
1.2032
2.5850
0.2522
1.5584
0.6662
3.5180
0.3433
1.4727
1.9165
0.3487
0.8469
0.9815
1.6484
5.0627
0.7129
0.2386
0.7735
2.5208
1.4298
0.2754
4.5075
0.2986
15.3066
0.0586
1.2276
0.5793
2.4418
4.4334
0.1060
0.8919
1.2389
2.4674
0.8720
0.4037
6.8258
0.4094
0.5907
1.7600
6.7204
0.1065
1.6378
3.2026
0.1115
0.8574
1.2113
0.9352
0.8001
10.6808
2.9299
0.0848
0.6645
0.6540
0.9155
2.7959
1.1083
0.4552
1.1689
0.5676
1.0971
1.2312
2.4012
0.8643
0.3900
8.9771
0.1232
62.4232
0.0213
1.9674
0.3625
1.2643
0.8162
2.9353
3.4020
0.3849
1.5556
0.2508
1.0877
3.0391
0.2602
2.6395
0.5681
0.4463
3.9403
1.0306
0.9957
0.8274
0.2829
6.9731
0.1963
5.3920
0.1815
0.9752
0.9867
2.0302
0.5559
1.0055
15.0487
0.6073
0.3290
0.3111
3.6144
0.3443
1.2680
4.4958
0.6245
0.4480
0.9252
0.6225
1.9416
4.1163
0.0879
5.4962
0.4229
0.6842
0.7188
0.9581
1.2931
91.9153
0.0106
6.8441
0.1052
2.6148
0.7402
0.7969
2.9444
0.2453
0.8576
1.5840
0.6406
1.0945
1.0665
33.2272
0.0331
2.9098
1.7397
0.2041
7.5202
0.1830
1.0700
5.1654
0.1494
0.6273
3.1544
0.3787
1.1805
0.9104
1.1807
2.0924
0.9200
0.6773
1.2990
0.5490
0.8854
0.9468
1.0660
1.4277
1.0923
0.5152
2.7157
5.6808
0.3355
1.5186
0.4280
0.3059
3.0855
0.4629
214.0397
0.0117
0.3850
0.7752
0.9203
1.7133
0.7560
0.7524
8.6451
0.1291
1.5042
0.6296
7.9101
0.3331
2.1821
2.0656
0.5179
0.2871
4.2883
0.7675
0.1877
20.1744
0.1248
6.1739
0.4046
0.8686
0.1836
1.2438
1.1877
3.6013
0.1671
18.6317
0.0683
4.2033
0.8156
0.3044
4.0528
0.3382
2.9907
0.2320
10.5794
0.1747
0.4863
3.6137
0.5807
0.4799
8.1579
0.1772
0.8107
1.7743
0.4811
11.5916
0.1388
1.1489
1.1938
0.7857
0.4950
1.7487
0.5891
2.2028
0.8340
0.6263
4.9046
0.2382
7.8129
0.0982
1.2758
3.9327
0.3279
0.5960
0.9793
4.4256
0.2366
0.9560
3.0330
0.4406
0.7870
2.9710
5.1197
0.2918
0.2813
0.8551
1.0500
0.8249
1.2021
2.0097
0.5613
1.1664
79.9829
0.0080
8.1160
0.2546
0.5004
1.4778
8.2693
0.0824
1.0164
2.2242
1.2560
5.7669
0.1584
0.4499
7.6220
0.2303
1.2998
0.9130
0.5240
1.6118
2.4088
0.2149
1.3381
22.5571
0.0348
3.4080
0.2591
1.0111
0.9467
7.8916
0.8393
0.5872
0.2832
1.1203
2.6805
0.7327
0.5867
10.4429
0.1523
1.4131
0.8667
0.7492
0.4837
4.3691
1.1724
0.2796
1.0858
1.7499
8.9358
0.0418
2.4222
1.1820
0.8802
0.4273
1.1534
1.1572
6.2954
0.3579
0.6004
16.2854
0.1149
0.4178
4.4981
2.2221
0.1961
0.5636
2.3472
0.2550
1.0726
2.6476
0.5002
0.8473
2.3889
0.4015
0.9980
0.8697
0.9841
1.8830
8.1323
0.1890
0.6772
0.7772
0.9652
1.2705
1.1928
0.4787
0.9319
3.5320
1.2370
0.4940
0.7413
0.6773
1.3051
0.7551
1.9237
0.5728
2.3533
0.3619
1.6959
1.1017
13.9073
0.0410
1.5865
1.2332
1.0799
0.6248
2.1592
0.3349
1.0547
51.9105
0.0731
1.0365
0.6779
0.5731
7.9812
0.7688
0.7615
0.3747
0.6037
0.6670
2.4946
0.5371
0.7408
1.6553
0.8455
0.6706
1.3133
6.8775
0.1265
76.0387
0.0313
0.6670
0.5896
0.8610
1.3202
1.3054
0.8192
0.8379
1.6262
0.7638
2.5265
4.1558
0.1577
0.4333
2.7422
0.4208
3.0076
11.6229
0.1265
0.2279
1.1433
0.7172
62.1000
0.0309
0.7271
4.8769
0.1878
0.7799
4.3025
0.8116
0.6773
0.6864
0.6608
4.5875
0.2764
0.7822
5.0907
0.2121
13.6124
0.0753
0.9510
4.1574
1.1093
0.2362
1.7134
1.4399
0.4368
0.8961
1.4639
1.8313
1.4927
0.2848
1.2703
0.6636
3.9726
0.3574
0.6442
3.5501
77.7987
0.0043
2.5177
0.5663
0.6647
1.0549
1.0472
11.6319
0.3835
4.0880
0.0693
1.0073
1.3754
0.6741
3.2179
0.3067
0.6708
21.2840
1.2997
0.0519
1.2270
0.7214
1.2879
3.2083
1.2819
0.3259
4.2617
0.2522
0.7249
0.7417
2.0477
0.4208
1.5666
0.6149
1.2431
1.2436
241.1457
0.0093
16.5529
0.0237
0.9165
1.7116
0.7778
1.5776
11.1198
0.1500
0.2360
1.2944
0.7998
2.3128
0.7401
1.7363
0.7628
3.3585
0.5906
0.2986
5.5116
0.2156
1.0077
4.4648
0.1415
2.3548
1.5016
0.2483
6.9344
0.1755
1.5903
1.1215
0.9842
0.5698
68.6670
0.0148
9.4536
0.1373
1.4718
3.5952
3.7960
0.0989
0.8634
0.7994
0.8022
0.9861
1.8996
0.5067
1.2422
0.8738
1.3736
1.3791
1.8579
0.1887
3.1192
0.3024
1.0130
2.5838
0.3666
4.7457
0.4271
3.2741
0.3199
1.3730
4.7459
0.0728
1.0057
2.3167
1.3922
0.6670
0.4348
1.2514
0.9693
1.9227
0.6633
0.8769
1.3813
0.6687
0.9500
0.8283
5.6543
0.2653
0.7057
18.7545
0.0633
48.1402
0.0974
0.2698
0.7282
1.7977
0.5486
2.0598
0.6827
2.1570
0.4158
1.0601
0.7090
3.0575
1.7443
2.6954
0.0768
2.8091
0.9822
0.4797
0.9456
0.8436
1.0562
1.4535
0.5479
1.0627
1.0659
2.8171
0.8310
0.7211
0.6808
1.3839
0.8070
0.7877
0.8190
1.6990
0.6349
5.9660
0.3106
0.9687
0.7071
0.9503
0.8993
7.4148
0.1999
1.0622
1.2970
0.7129
1.1168
1.2763
0.6675
1.3586
0.9336
0.5117
1.2846
3.1038
0.4404
0.6699
2.0250
0.6788
1.9262
0.2961
4.8699
0.8170
0.3252
3.6535
0.3134
2.5642
1.0064
28.4011
0.0492
1.1467
0.3543
4.2675
0.6005
0.2137
11.7553
0.1321
3.9592
0.2904
3.1265
0.4939
1.0973
0.7287
0.7235
1.2386
1.8823
0.3478
1.1961
1.3115
1.1158
1.0560
0.4528
10.4347
0.0809
1.7222
0.6843
0.8689
9.1464
0.1884
1.9708
0.4422
0.6574
1.0999
1.9512
2.0908
1.7935
0.1816
15.7016
0.2137
0.4241
0.7541
0.7167
7.2290
0.2399
0.8021
0.8733
1.0629
5.6435
0.2243
0.6732
1.9184
0.4040
0.9934
1.1893
0.9605
0.8761
1.6472
3.4990
0.3209
0.7479
1.1286
1.0068
0.6157
40.0197
0.0467
1.0680
0.7522
0.9136
3.1832
0.2570
0.8865
9.3343
0.1504
1.2159
0.7494
0.8257
3.8258
0.7470
1.1036
0.3195
0.9590
2.7760
1.3893
0.4564
47.2650
0.0215
4.2749
0.3724
0.3643
1.2933
2.3615
15.0739
0.0303
1.3179
1.0155
4.1114
0.1685
1.2065
1.6978
0.6029
1.2492
0.8184
10.7145
0.1157
0.5460
1.2704
0.7106
2.7536
0.3772
1.4197
2.6943
0.5218
0.5854
1.7754
3.3371
0.4358
2.8264
0.1132
1.2954
0.9710
1.1829
1.4070
0.5504
1.1696
1.2869
4.3886
0.2536
0.4928
1.5725
2.9251
0.2551
2.1651
0.7642
0.6981
1.0329
16.0470
0.0586
1.1651
2.6848
5.0637
0.0526
1.6882
0.7967
0.8143
3.7583
0.7311
1.0276
1.6132
0.2461
8.0931
0.1123
2.0522
0.4279
1.0956
1.4822
0.6952
0.8673
1.4716
1.2638
0.5189
1.2425
0.9722
0.8151
4.1144
0.3799
1.1534
1.3065
0.5404
8.8919
0.0989
2.8008
0.4444
1.7769
4.9428
0.3438
0.8734
0.3080
1.6948
0.5988
1.2560
6.2986
0.3295
0.5052
1.5309
4.9377
0.0937
1.5649
0.6997
1.2005
7.9058
1.5169
0.1024
2.1629
0.2928
1.7976
0.5619
1.1383
1.0018
1.1606
2.1137
0.3342
4.7148
0.9814
0.2456
5.6975
0.2148
4.0591
0.6422
0.2912
6.1608
1.5863
0.1074
1.4911
1.4850
0.7379
1.8879
0.4586
0.9218
0.9597
0.9384
1.4060
0.5726
4.0145
0.2550
0.9264
1.3760
0.8109
2.2666
0.4689
1.8340
0.5399
0.8869
0.9575
1.0559
1.1817
1.7906
0.5035
1.2952
1.4406
4.9242
0.5220
1.1133
0.6356
0.3693
0.6933
1.4335
0.7985
0.9726
1.6664
0.5325
1.7807
1.9785
1.5895
1.4731
0.1660
0.8547
5.3776
0.4659
0.3735
1.4019
2.4686
3.0669
0.3779
0.9364
0.3329
2.2162
0.4952
2748.3571
0.0004
0.7861
0.8960
1.5755
0.8645
1.2492
0.5657
4.7811
0.1947
2.3223
0.6902
0.7307
3.5549
0.4080
2.2743
0.4104
3.0323
0.2618
0.9511
1.1479
1.4265
2.1466
0.3251
1.6536
1.6031
0.7263
1.1310
0.6012
0.7124
1.9636
2.6849
0.1732
0.8436
1.0764
3.3527
0.2955
5.5302
0.4606
1.3650
0.6837
0.8289
0.4886
1.7588
0.6360
1.7555
5.3731
0.8712
0.1366
3.4277
0.3522
0.9382
1.1445
0.7199
2.6243
0.9586
0.6718
0.6032
0.8052
12.7449
0.1786
0.8926
1.1340
0.4922
4.6316
0.3204
1.4901
0.4123
1.2551
1.0632
1.3829
23.0921
0.1446
1.0626
0.1712
3.3379
0.5713
21.0181
0.0358
0.5983
3.3078
1.7915
0.3289
1.7597
0.2916
6.3497
0.1816
1.1254
1.6818
0.4578
3.0038
0.3367
1.8543
0.8351
5.8237
0.4916
0.2256
1.0955
1.2922
1.6018
2.4070
0.2275
2.1976
0.6508
1.0773
0.5349
8.7290
1.1279
0.1971
1.2704
0.4406
5.8626
0.2228
0.8546
0.9797
0.8288
23.5714
0.0932
0.5428
1.6404
0.5294
2.0797
0.7612
1.9493
0.3583
1.0546
3.9813
0.8378
3.7411
0.1644
0.8053
0.7237
0.7729
2.5445
1.7177
0.2373
1.5888
1.7416
0.7151
1.8862
9.3811
0.0247
3.1231
0.7858
0.5208
1.0685
2.1605
1.3869
0.3118
1.2877
1.7851
0.5502
5.9844
0.1467
53.7048
0.0548
0.4155
6.1192
0.2957
0.7365
0.5731
5.0425
3.9863
0.0435
1.2652
0.7305
1.4853
2.4390
6.9421
0.1258
0.8130
0.3774
1.0858
0.9486
1.2629
1.8090
0.4660
2.5647
1.1449
0.3840
16.1721
0.8698
0.4990
0.2477
0.8269
0.7888
0.8233
1.7518
0.9884
0.8956
3.5701
0.1933
4.7195
0.2406
0.8272
7.7676
0.1524
1.4810
0.4593
1.8395
0.5529
1.9200
1.0423
0.8187
0.6716
2.3748
0.4710
0.9234
2.0196
0.7699
0.6547
22.7297
0.0743
1.1469
0.4451
3.6196
323.2649
0.0059
0.3731
0.9313
0.5443
1.1083
12.5453
0.2064
0.4164
0.8959
1.1959
0.7582
4.5927
0.2096
1.0065
1.3237
2.9015
3.1064
0.1055
3.7559
0.1885
1.1457
1.1027
1.5340
1.3244
2.9397
0.5944
0.9411
6.0407
0.0489
8.7770
0.4000
0.2053
1.2537
3.0695
0.3807
1.3321
3.4093
0.2083
4.1204
0.1816
4.0140
0.2539
2.8488
0.5389
1.6285
1.3445
1.4301
0.2503
1.0772
0.9443
1.3061
0.7281
22.0326
0.8582
0.0436
1.3671
1.0287
0.9234
1.0475
12.2079
0.0911
1.7192
1.5232
0.4315
3.2349
0.2203
3.3652
0.6582
0.6044
27.9185
0.0230
1.3742
0.7335
1.1455
5.8244
0.2874
1.1591
4.1482
1.1127
0.1546
4.7749
0.1369
1.2360
1.0174
1.2858
1.1991
0.7757
1.0965
0.7317
1.4995
0.7265
1.0914
0.8031
5.1183
0.2897
0.7254
0.7298
1.5687
0.6454
3.0701
0.6137
0.5843
6.8485
0.1396
1.3251
2.4868
0.3146
1.7291
0.7230
1.1769
1.5445
0.4823
0.9963
6.0389
0.3882
0.7103
0.6494
1.5516
0.5143
7.9317
0.4209
0.4078
2.4696
1.5403
3.8459
0.1944
0.3938
1.9214
0.7058
2.0408
0.3007
1.0875
2.5286
160.8904
0.0018
580.5863
0.0018
9.3892
0.1168
1.1653
0.7530
3.4912
0.5538
1.2856
1.0436
0.4209
22.2716
0.0460
1.2508
8.5177
0.1953
0.7557
0.8327
1.0384
12.3610
0.1536
0.3506
1.5531
0.9642
5.2149
0.2595
1.1581
3.9996
0.3902
1.4711
0.2577
1.8887
0.4589
0.8253
1.8884
3.8217
0.4660
0.5044
1.0788
1.2565
0.7542
6.9038
0.2577
6.7413
0.3823
0.1988
0.6234
2.9417
0.5812
0.5693
1.5991
0.8675
0.7148
1.0699
3.4422
0.4215
0.6413
1.5443
0.9234
0.7191
1.0734
1.2630
1.3729
1.0245
0.5360
2.0797
0.7801
0.6906
1.0685
1.0855
2.0988
0.6288
1.1640
0.6771
0.9101
4.7500
0.1662
2.2106
0.7950
0.9836
0.9784
0.8287
7.1006
0.1363
4.6211
0.1967
2.6828
0.4244
1.2336
1.1059
2.6388
0.2783
0.8936
3.0959
0.5964
0.6480
0.9319
0.9357
1.9016
0.7710
1.3269
2.3812
0.2319
973.5733
0.0009
1.3726
1.3998
9.7336
0.0478
1.8314
0.7753
0.7932
1.3259
0.7042
0.9424
1.0779
2.1700
4.5900
0.4096
0.2622
1.0493
1.1920
2.8277
0.5686
0.7849
0.5569
5.4633
1.8679
0.1021
1.0410
1.3002
0.7394
2.2913
0.5746
2.1870
0.3111
2.3786
2.7590
0.1513
7.3983
0.5403
0.2570
2.2741
0.4683
4.8585
0.2190
3.6834
2.8903
0.3320
0.6563
1.0396
1.9307
1.2231
0.6908
3.2944
0.2414
0.3393
0.9636
1.0163
2.5564
0.3941
2.2511
0.7555
1.1811
2.1821
0.9629
0.2668
1.8089
3.4611
0.2022
1.6772
0.5855
0.9172
3.2246
1.5685
0.9960
0.1802
1.8325
1.0006
0.9832
0.6518
3.5602
0.2549
1.3934
0.5097
3.2451
2.0265
0.2335
0.6326
1.0317
3.2187
0.9501
0.6167
0.5968
2.4030
1.5355
0.2257
1.4612
2.0395
0.4085
1.0044
2.0712
2.1445
1.2848
1.7644
0.1511
0.8251
2.6629
6.6439
0.1528
0.4280
0.5642
3.2000
0.5879
0.6974
1.5362
0.9917
2.4593
1.1197
0.2295
0.8111
3.0588
0.5734
0.7394
0.7976
1.1898
0.9230
0.8730
69.6121
0.0199
2.2093
1.4703
1.0133
2.0837
0.6268
1.6941
0.2006
0.8073
0.5979
2.3422
0.5369
3.4411
1.3637
0.2757
2.4304
1.7624
3.4354
0.0440
1.4849
5.0840
0.7307
1.0469
0.1865
1.4686
1.0208
0.6126
70.2432
0.0689
0.2108
2.8594
0.6504
0.5090
1.1985
3.9046
0.4223
1.7268
1.0318
0.3207
1.0111
0.8649
2.8335
159.0613
0.0062
0.4125
2.6833
13.9140
0.0272
1.9373
21.7900
0.0304
1.3113
0.5479
1.5707
33.0976
0.0424
4.5386
0.4240
0.2394
1.1667
5.5918
0.2657
0.7066
1.3795
2.0903
0.4274
1.6066
0.3749
4.6803
0.5998
0.3798
1.5562
0.7727
19.9572
0.2659
0.1464
1.8316
2.1844
0.8124
0.6444
0.7438
2.9415
1.6333
0.1870
4.9023
0.9764
0.5817
0.2804
1.1891
0.9625
1.3421
0.8036
0.8093
3.0291
0.3740
0.9522
2.3502
1.4249
0.5415
11.2379
0.0756
3.5147
0.1613
615.5634
0.0017
0.9438
1528.2537
0.0007
2.1316
1.4733
0.6774
0.8880
0.6225
1.0913
0.7043
2.4080
0.7611
0.5494
1.2397
0.9411
1.0927
29.6477
0.1137
0.7636
1.8412
0.9917
0.2092
1.2590
5.3732
1.0158
0.1297
18.9322
0.1035
2.2746
0.2138
6.4895
0.1441
1.4677
1.7721
1.0970
0.4853
0.9837
1.0879
0.7652
1.5585
1.1044
1.9426
8.9242
0.0369
7.9902
0.6635
0.2315
1.6172
1.5972
1.2570
0.2942
45.7385
0.0409
1.5939
0.2439
1.8047
0.7375
0.9937
11.9729
0.1204
2.5393
0.2870
644.6869
0.0061
2.2145
0.6457
1.6202
0.0854
2.9718
0.4514
0.9342
1.2804
1.3396
15.8925
1.3070
0.0796
0.3241
2.1579
0.5174
4.8778
0.7487
0.2910
1.0363
3.1301
0.4738
0.4638
10.1751
0.0897
1.1200
4.1621
0.2907
2.1796
0.4435
9.3828
0.0822
29.6708
0.0666
1.0101
0.9984
10.7089
0.0715
0.8024
1.1191
0.9355
4.8937
0.4500
2.1237
0.5353
1.3482
1.2440
0.5824
0.5617
1.5273
0.3886
10.5071
0.1397
1.6777
0.4767
1.4666
0.6040
1.9736
0.5949
0.8951
2.9403
13.4705
0.0238
8.8355
0.1652
3.0152
1.4253
0.3150
5.7913
0.1098
1.1204
0.9778
0.8636
1.8038
1.1019
0.5146
1.0205
1.1610
1.1853
0.5508
1.9891
1.2194
1.7185
0.9093
0.2540
3.6703
1.2724
0.2811
2.3506
0.3286
1.9438
2.8879
0.6415
4.2324
0.1264
0.5766
10.9346
0.0983
0.9517
2.8035
0.5215
1.7014
1.1826
0.6749
1.8840
0.6663
6.1344
0.0562
2.1952
1.6282
0.3769
1.3850
0.5636
1.9373
0.9907
0.5151
11.4554
0.3468
0.4020
0.9708
0.9877
1.7641
2.2324
0.4955
0.5504
11.5483
0.6358
0.1441
0.7641
4.5553
0.4925
6.9039
0.1413
0.7821
1.1212
0.5306
3.2274
0.2856
0.7834
1.2487
1.8180
0.8323
0.5275
2.0233
0.4821
1.5323
1.0279
2.6075
0.4598
0.9388
0.8050
8.0372
1.0589
0.4293
0.2626
2.0705
0.3883
1.4770
8.6756
0.1225
1.0777
0.8446
14.4155
0.0950
1.0271
0.6798
0.7721
1.0462
0.8949
5.0690
0.2532
18.2616
0.0515
14.9826
0.1422
1.4117
0.6883
0.3971
1.0884
10.9394
0.0886
1.5409
2.3578
0.2785
1.0834
1.0408
1.4464
0.8584
1.0713
0.8385
0.7353
7.0929
0.2259
0.9675
1.3469
2.1462
1.7182
0.2095
0.6073
5.3199
0.6393
0.3790
1.3538
1.3015
0.6633
2.2542
1.6009
0.4879
0.9646
2.2001
0.7887
0.2321
0.9318
2.3047
0.6820
0.8019
1.7399
0.8760
0.7862
1.3686
0.4842
3.3687
6.0585
0.1210
6.1336
0.0876
1.2949
2.2844
0.4251
0.6425
1.8133
0.7170
8.7930
0.3830
0.7596
0.4288
0.6526
1.2014
1.8339
149.0535
0.0033
2.4941
1.7099
3.7710
0.4883
0.1686
0.6884
1.0691
5.6952
0.1958
0.8623
1.7819
1.3776
0.8957
4.6231
0.5907
2.3058
0.0720
4.8668
0.5995
0.4376
2.1403
0.4675
0.8859
1.0381
4.7149
1.0151
0.2271
0.9058
2.3463
0.9689
0.4285
1.2237
1.0169
0.7846
6.5874
24.6621
0.0435
1.3270
0.3706
0.6982
0.9514
0.4450
3.0553
0.4079
0.8327
69.5388
0.0166
1.2502
16.8762
0.1216
0.4233
1.3593
0.4912
22.2088
0.0590
0.9627
3.9965
0.2123
1.2253
2.8198
0.4068
0.9942
1.6874
0.4761
6.3066
0.2723
0.9816
0.5193
1.2769
0.9891
1.2099
0.6718
7.3290
0.1416
3.0929
0.4385
3.5723
0.2004
1.1328
2.0323
1.8518
0.4058
0.6928
4.5629
0.1693
1.7649
1.4912
0.9562
0.5389
3.1523
0.9880
1.0916
0.2164
1.4833
0.8140
3.5770
0.5118
1.2809
2.2667
0.3006
0.9585
2.4452
2.5313
0.1437
4.0331
0.1815
3.1792
11.4583
0.0231
5.2083
0.2105
7.4153
0.1434
0.9390
1.1651
3.7533
0.3486
1.4280
1.3534
0.5780
6.3974
0.1316
0.6413
1.3839
1.2137
74.8907
0.0142
0.8091
0.7312
1.3725
1.7067
0.5402
1.9389
0.5353
4.2884
5.1612
0.0408
3.9391
0.2508
2.8660
0.3517
3.4606
2.0826
0.2883
0.5695
0.7994
0.9696
192.2597
0.0045
2.8038
1.1438
0.3095
1701.7351
0.0013
0.5212
2.2780
0.5260
0.8993
3.7171
1.7476
0.2140
1.7742
0.4386
68.6342
0.0127
2.9865
0.7322
1.2528
0.3069
3.6067
0.6509
2.7749
0.1762
1.8675
3.9560
0.1389
6.5583
0.1555
0.8721
2.1792
0.7329
0.8231
5.7878
0.5581
0.2382
5.9418
0.2286
0.9733
0.7601
1.3034
1.0152
2.2071
15.3322
0.0358
1.7222
1.7768
0.4536
19.7932
0.0348
0.8089
1.5265
1.6167
0.8419
0.7766
0.5048
2.6064
157.2832
0.0049
0.5213
1.1933
1.4500
1.4335
3.5092
0.8842
0.2172
1.6485
0.4417
2.4484
1.2209
0.2758
1.5335
0.6213
4.7763
0.3235
6.9421
0.1649
3.0857
0.2592
0.6463
1.2248
1.4088
1.0576
0.7283
1.4477
0.7118
0.7782
5.2764
0.9985
1.3923
0.3450
0.6568
3.1767
0.2576
1.3990
2.9091
0.8492
2.2873
0.1464
1.5593
1.0229
5.6619
0.1923
0.4909
1.6027
0.5425
0.9818
2.7032
0.5812
1.1587
0.4450
4.3162
0.2528
1.7083
1.6441
0.4257
1.0938
1.1823
2.2349
0.2752
1.3755
1.7739
6.2641
0.1193
1.1209
1.5800
1.0636
0.2814
1.1773
2.0628
0.5207
1.1070
2.3115
0.7033
0.6338
2.6455
1.0686
0.9719
0.5067
1.3585
0.5998
0.8763
3.1044
0.2750
2.3431
0.4020
2.4744
0.5434
0.6994
15.5674
0.5600
0.7321
0.1797
1.1158
1.4576
3.8191
0.7170
1.2521
0.8863
0.1726
2.8788
1.7959
0.5702
0.8993
0.7474
1.0287
2.0134
0.4858
0.6463
0.9090
4.4695
0.1839
50.1774
0.0204
1.9626
0.6836
1.6123
0.4759
1.1577
5.4795
1.7002
0.3746
0.2867
0.9464
1.4901
1.7142
3.0892
0.1479
0.7675
1.7827
0.5513
1.0073
2.7335
4.3354
0.0846
10.0102
0.1116
1.1979
0.8015
7.7140
0.7740
0.7191
0.3311
1.7523
1.1314
0.5046
0.7192
54.4639
0.0218
1.2720
0.7520
2.6492
0.3609
0.8041
2.6428
0.7277
0.5780
4.7923
0.2159
1.5267
0.8981
0.6374
1.6977
3.9799
0.1708
2.5538
0.4741
0.9586
0.8555
1.1554
2.3063
0.9626
0.8538
2.1353
0.2264
2.0164
3.8242
0.2224
1.0709
13.3518
0.0629
3.6893
1.2399
0.2090
5.2636
0.1218
4.4797
0.4109
0.8844
0.6986
21.0389
0.0415
3.6121
4.5759
0.1213
0.4586
1.9738
0.4941
5.2056
0.2634
1.0196
0.8192
6.9362
0.1499
1.5212
1.3562
0.5435
2.8597
2.4447
0.1091
1.1534
0.8209
6.9480
0.1943
0.9351
1.7814
0.9909
1.0999
0.7576
0.5418
6.3502
0.1714
1.4136
3.7646
2.0130
0.0877
4.9933
0.2331
1.8025
0.5338
3.7091
0.3289
1.7954
0.9770
4.0547
0.5491
0.2384
0.8957
2.9099
0.7048
1.3321
0.3411
3.2388
7.5401
0.0440
2.4766
6.0144
0.0804
0.8752
0.8261
1.1633
5.5927
0.2082
36.6420
1.1840
0.0192
0.8809
3.8321
1.1949
0.4644
0.4933
3.0167
0.5124
6.8925
0.0938
1.0332
1.2764
0.7279
2.7533
1.5300
2.6467
0.2924
0.7979
0.4186
60.4445
0.0432
2.0507
1.9916
0.9700
0.7970
0.2843
0.4242
1.0971
1.2680
1.7018
0.4011
2.0675
3.7880
0.6336
0.3515
0.7992
3.5980
0.3172
0.6840
0.8737
1.4046
2.1401
0.5246
1.1775
1.8640
1.3238
0.2821
1.1066
1.2577
1.1922
0.4889
2.1466
0.4690
1.3415
603.1834
0.0014
0.8720
15.5871
2.8081
0.0951
2.3056
0.8973
0.1543
0.8058
2.2239
3.1238
0.1813
0.8019
5.1708
0.1795
1.1004
3.1558
0.3450
2.3828
2.0868
0.2017
2.9703
0.3370
8.3564
0.1178
1.2512
1.6429
1.1639
1.1010
1.9003
0.2893
21.3576
0.0713
0.8627
2.0738
1.3055
0.6435
0.2693
1.3174
1.3676
0.5629
1.2800
0.7820
1.3974
1.0657
0.6367
8.1753
0.1122
5.1087
0.2545
4.1120
0.2575
0.7917
1.4064
0.9960
1.2525
1.6709
0.5413
0.7207
1.3491
0.8101
1.8919
0.5743
1.0180
0.9944
1.1562
2.2734
0.3232
43.8009
0.0259
5.9165
0.1258
2.5461
1.3157
4.6772
0.0802
0.8924
1.3355
2.5631
0.2737
9.3230
0.0967
1.5782
1.4329
1.9667
0.2947
4.9103
1.2480
0.1613
21.1940
0.0422
1.1455
1.8292
2.8298
0.7000
2.2870
0.2101
0.4399
1.6390
0.6916
1.0672
6.3086
0.2839
0.5099
3.4974
0.3938
0.7286
7.0797
3.6487
0.2008
0.4368
0.6468
0.9687
19.8745
0.0564
0.8991
2.8732
0.4908
1.7419
0.3347
6.7105
1.1491
2.5147
0.2180
0.6395
1.2773
0.2911
0.9445
1.5574
8.7520
0.1744
0.4324
0.8350
3.5484
0.2718
2.3983
1.8903
2.0190
0.1118
2.6030
0.3586
4.8526
0.6771
0.4426
1.3405
0.7706
3.2807
0.2082
0.9949
1.5808
1.4301
1.6810
0.3096
3.0432
1.3142
0.4270
0.5036
0.9938
1.4838
2.5633
0.2839
2.9372
0.3123
1.1166
1.3285
3.3089
0.5422
0.9817
0.3831
1.1786
1.9283
1.7297
0.3661
2.6031
0.3839
2.3153
14.4880
0.0619
3.5195
0.1106
17.5955
0.1087
0.5112
1.2085
0.7340
1.2418
1.7592
0.5549
1.4266
1.0626
211.8531
0.0027
2.3046
0.5926
13.9681
0.1816
0.3496
11.2813
0.1956
2.0816
5.0141
0.0457
3.0604
0.6068
1.0282
0.5284
1.0764
0.9545
0.6898
2.1966
0.6216
22.5774
0.0640
0.8742
535.3216
0.0174
0.1032
1.2472
4.2273
0.4117
2.5932
0.1202
15.7291
0.4820
0.4345
0.5247
0.5159
3.1348
0.4698
3.0515
1.1051
0.2144
1.0326
1.0190
0.9932
4.0969
0.3506
0.8833
10.9924
0.0709
1.9239
2.1245
0.2344
3.1705
0.2987
6.6668
0.2700
3.1510
0.5625
0.4614
0.8482
4.5296
0.2301
5.1845
0.2502
0.6035
1.8178
0.9101
2.4204
0.2831
1.6288
0.6837
0.8484
1.6599
0.6203
1.1167
8.2964
0.0967
1.1728
8.7138
0.1784
0.5886
0.9672
3.6636
2.0295
0.1696
2.8935
0.2622
1.1476
2.8480
1.1136
0.6304
0.9685
1.4654
0.3452
4.1219
0.2385
1.2645
4.5627
0.2396
0.7131
1.0184
0.8969
2.3161
1.1325
0.3813
5.1514
3.3333
0.3488
0.8189
1.3248
4.8525
0.0342
3.1569
0.7432
0.8673
1.1184
3.8801
0.2439
0.6312
2.0470
4.1966
0.5682
0.1651
1.4586
1.4888
0.7293
0.8744
3.5865
0.1796
1.2356
5.0740
0.2596
0.6475
4.0423
1.6771
0.1475
18.8942
0.3548
0.4436
1.2334
0.4567
0.6218
1.8752
1.3310
3.2590
0.2392
0.7033
3.8087
0.2051
0.9780
5.6495
0.9099
0.4646
0.9102
0.5300
0.7516
1.1280
1.2722
0.8848
1.3227
1.5880
0.5730
0.6748
0.9740
1.1408
1.4764
1.4240
1.0282
0.5372
0.9051
0.8192
7.0629
0.4071
0.4731
0.7821
2.6877
0.3810
1.3219
5.4742
0.1247
1.0625
2.5989
0.3837
2.3423
1.4409
0.8034
2.5261
0.2038
1.2346
10.0263
0.1077
1.9579
12.6808
0.1031
0.2386
1.2996
9.2711
0.0857
2.7336
0.6994
1.8287
0.2561
5.4541
0.4736
1.0151
0.3551
2.0059
2.6886
0.2397
2.6115
0.3963
1.0759
1.8636
0.3655
7.0301
0.1700
1.5644
1.7102
0.4004
1.1869
2.4202
0.2636
1.9578
0.9549
0.6582
7.8652
0.1281
4.4874
0.4410
0.5783
0.6997
2.3614
1.5013
0.4345
2.6325
0.3654
0.7213
125.1085
0.0131
3.2972
0.3787
0.7053
2.4289
0.5338
10.5114
0.0550
0.9546
1.1775
28.5549
0.0611
1.1221
0.7222
1.4589
0.6455
1.1986
0.6279
1.5636
0.5223
0.9896
1.0709
1.1093
3.2670
2.0520
0.1914
1.4892
0.5114
1.2118
2.2176
0.7670
0.6182
2.6491
1.9834
3.0562
0.1471
0.5413
0.8066
0.6574
1.7725
0.6918
2.5911
0.4260
0.7313
1.1888
1.1417
0.7667
5.1361
0.8633
1.6845
0.2063
0.7439
0.8153
1.1436
2.2246
0.4144
10.7807
0.1547
0.8451
0.8137
2.5530
0.9215
0.3946
1.1985
1.0971
1.0116
4.0387
2.1497
0.2546
0.3553
5.2292
4.7637
0.9169
0.0717
1.7986
0.6530
6.8429
0.2512
0.3001
3.5976
0.6736
0.4998
0.7627
0.9270
2.5085
0.4380
2.0877
0.4504
2.0201
0.7441
2.4044
0.6377
0.4473
2.4951
0.8963
1.7849
3.1102
0.3312
0.5306
0.6314
3.2613
0.2320
5.5798
0.5682
0.4736
10.2358
0.1874
1.7975
0.1867
1.4554
20.6606
1.3116
0.1284
0.1879
12.6264
0.2075
1.2312
2.8399
0.1606
1.7958
0.3735
1.2533
1.2960
0.8667
103.3839
0.0079
1.9257
0.9899
1.6065
0.3939
0.7339
15.1509
0.0633
1.0821
0.9556
1.5603
1.9934
0.4130
0.7557
1.5333
0.6927
1.4757
3.2791
21.6456
0.0254
0.8385
0.7441
0.6919
1.3374
1.8101
1.4340
0.5611
0.6683
0.6824
1.2976
8.8128
0.5337
0.9256
0.8927
0.6851
1.6909
0.2761
0.8579
1.3337
1.3552
1.3416
1.3063
0.2233
1.0000
1.7817
2.1512
0.8826
1.9872
2.7119
0.3388
0.2912
0.6994
0.9578
0.8230
1.3352
0.8613
1.0643
6.8676
0.2333
0.7226
0.6891
1.2893
1.5480
1.2471
1.2491
0.6019
1.1780
1.0441
1.0821
0.4670
0.9807
16.3297
0.0737
2.2868
1.9532
0.3072
4.9191
0.2851
0.4466
0.8436
1.4633
0.7961
1.0190
1.0776
0.8972
3.6171
3.1092
0.1630
0.6422
3.9458
0.6335
2.8945
0.5137
0.9218
0.7416
0.4835
4.0496
0.3206
0.6383
0.7757
1.1077
1.0999
2.0064
0.7381
0.6103
1.8550
0.7523
0.7152
0.8874
0.9736
1.1170
1.5319
13.1184
0.1584
0.3779
0.8928
2.1023
0.5989
1.0484
2.3519
1.7697
0.3102
0.5525
11.8939
1.3251
0.0714
1.1725
0.6594
1.6107
2.6640
1.4091
0.1616
1.9580
0.7555
0.8985
4.9214
0.1761
33.1019
0.1431
0.7504
0.2582
5.3609
0.3889
0.6743
1.4379
1.4176
0.7306
1.0794
0.7423
0.6044
1.4628
4.1929
0.3501
0.8586
1.0559
0.5925
1.0240
64.8763
0.0157
0.8758
1.8575
0.8952
11.4246
0.0764
5.8042
0.2335
6.9578
0.1087
0.9556
176.5778
0.0056
1.1137
1.6150
2.9029
0.2607
9.8709
0.1114
5.0445
0.2440
4.2326
0.0869
4.6960
0.2623
40.8888
0.0537
2.1930
1.3661
0.1545
3.6171
1.1286
0.5640
1.0943
0.4834
3.9521
0.3548
0.8869
0.9532
0.8996
0.7665
1.4452
0.7506
1.6431
1.2183
0.8171
0.7492
0.7982
0.9069
5.4808
0.2418
0.8481
1.3531
2.1680
1.1263
12.3313
0.0321
0.7033
1.6418
2.9088
0.1640
1.0692
1.0000
1.2116
25.0290
0.0305
3.5485
0.3714
0.8708
0.8746
1.2594
1.2938
0.7901
20.4158
0.0517
0.8566
9.9533
0.0880
1.2210
9.4012
0.1383
5.0861
0.1293
31.5511
0.0620
0.4842
13.3296
0.3133
0.4577
0.5905
1.7858
3.2910
0.2251
2.0562
0.3201
1.6529
0.7633
0.8544
1.3904
0.9968
1.4860
1.7548
0.8880
0.3920
4.6055
0.2009
0.8172
58.7232
0.1198
0.3921
0.6593
2.4023
0.3528
3.5332
0.9442
0.3081
3.3071
0.2034
4.2749
0.2166
1.0535
3.9620
0.4553
0.6803
1.0419
1.2926
0.6622
1.0727
0.8980
1.0250
9.0664
0.2606
0.6729
0.7531
3.6167
0.2833
7.2214
0.2301
0.8783
0.6770
3.1700
1.7993
1.0363
0.8623
0.3068
0.6580
11.6800
0.0927
1.5340
0.4579
1.2202
0.9505
1.3628
1.8277
1.0355
0.9913
0.3872
6.2324
0.2190
1.4863
0.4880
30.1026
0.0571
0.6808
0.9467
1.5458
0.5809
2.4610
0.3644
1.4521
5.4849
0.1194
7.2333
0.2586
0.7594
3.7673
0.3917
1.4846
1.9412
0.1637
6.6488
0.3309
0.4765
1.5570
0.7372
1.3212
6.6679
0.3832
0.2611
1.9611
0.7378
0.7584
6.8193
0.2206
2.8527
0.3188
0.6206
1.3598
1.0014
0.9446
2.3843
1.1663
0.7278
0.4839
0.8303
1.5027
15.7738
0.0780
0.8729
0.7285
2.5247
0.4813
1.2321
0.6589
1.7004
1.9745
12.3962
0.0360
0.8523
8.3299
0.5406
0.1401
38.0845
0.0527
7.9648
0.1045
0.9078
2.9511
0.3903
0.6802
1.8189
0.5756
1.1238
3.4286
0.2080
4.5389
0.7688
0.2919
2.2232
2.3472
0.2564
0.7590
4.1147
0.4077
5.1669
0.8032
0.5118
0.3668
2.5076
2.7920
0.1213
1.3833
3.1494
0.3091
0.6453
1.0642
0.9639
4.3248
2.6243
0.1024
1.1109
3.3876
0.6698
0.3981
6.7705
0.1545
1.1830
2.3373
18.1504
0.3587
0.0810
0.7301
0.9546
4.5836
0.4488
4.5509
0.3832
1.6538
0.3257
7.7423
0.0647
2.7783
2.9657
6.8048
0.0443
0.7569
0.5903
10.2019
0.0957
0.8123
2.4168
13.2334
0.0704
1.9620
2.0150
0.4262
0.9857
1.0431
0.2410
1.0154
1.4955
8.9577
0.2227
5.8968
4.8178
0.0650
0.2228
1.5876
1.0188
0.5845
2.9298
1.7573
0.2925
0.5847
1.8800
0.6296
4.9091
0.7777
0.6543
0.4047
3.4416
0.3865
2.6591
0.3996
1.6401
0.5099
0.6847
1.5959
6.9953
0.3689
0.9891
0.3158
0.7741
2.3517
3.7724
0.1488
0.9643
0.7828
1.2545
1.1995
2.5478
0.3866
1.4291
0.8148
0.8320
1.2867
0.6099
15.2728
0.1675
0.4924
1.0641
1.1717
3.8367
0.4303
0.3314
4.9939
0.2967
8.6699
0.5584
0.3930
0.6037
1.7527
0.3455
65.3584
0.0193
1.4191
0.7371
0.9912
1.5745
0.9740
2.4983
0.7315
0.4276
2.0226
0.3936
2.2806
30.3369
0.0114
3.8008
0.3202
0.8630
4.5693
0.2895
3.5225
0.3750
1.3614
0.6114
17.0899
0.1732
0.9613
0.2899
1.5361
1.0255
0.5984
1.3249
1.7348
0.4849
0.7644
1.0469
1.0682
3.0874
1.3663
2.2718
0.1142
1.7469
0.6169
17.0878
0.0897
7.5647
2.9366
0.0289
1.5478
1.2897
0.4316
1.2083
2.5796
0.2826
2.8952
2.3914
3.0418
0.0790
0.7335
1.8178
0.6750
8.6755
0.1713
1.0916
0.5710
0.9100
3.4814
0.4415
7.9277
0.0969
1.7642
0.6540
1.3386
0.4378
5.8860
0.3134
0.7835
1.4521
0.6224
1.1067
0.7025
1.0962
1.1047
0.8187
8.3286
0.1187
1.7874
0.7211
7.7513
0.1134
0.9981
1.9014
3.9512
0.1623
1.6860
1.3594
0.5761
2.1262
0.3198
2.9565
0.3460
1.1151
1.6473
2.1207
0.6208
0.9543
0.7492
9.1760
0.0700
0.8864
5.5260
2.2556
0.0942
0.6919
4.2186
0.4675
0.5582
1.7980
0.5845
1.0530
3.7818
0.9819
0.5322
0.4077
1.4661
3.9175
0.1829
1.2449
4.7129
0.2408
0.7646
3.2587
10.8056
0.0339
1.3973
0.8981
1.3908
1.4149
0.6835
1.4347
1.2703
0.2872
1.5742
3.1192
0.2900
0.9583
1.7126
0.3629
1.0198
1.8453
1.5835
2.3582
0.2970
0.5581
1.0408
26.8597
0.0600
3.2571
0.1978
4.9160
0.2808
5.5893
0.1169
7.3205
0.6149
0.3361
1.2945
0.5958
13.3561
0.0643
12.0308
1.1314
0.0659
4.6190
0.3207
54.8963
0.0216
0.6827
1.0027
0.9593
2.9428
0.3004
20.3316
0.0549
2.0356
0.4361
2.0673
0.4959
1.0197
8.7496
0.5429
0.2863
0.8756
1.2508
0.8703
1.5805
0.7421
0.6132
0.9883
6.0010
1.5672
0.1350
2.5615
0.8891
0.3487
1.2568
1.7485
59.3538
0.0110
43.5887
0.0259
2.1570
0.5120
1.2138
3.6527
0.1631
35.0684
0.0316
1.1276
0.8500
14.5202
0.0531
14.7875
0.0796
6.0300
0.2118
6.7893
0.2050
0.6899
2.0994
0.4783
1.0932
0.9498
10.7681
0.1119
0.8151
3.5529
0.2768
1.0697
0.8828
6.6456
0.2054
0.5985
21.9435
0.1480
0.7202
2.1495
0.3860
1.1143
0.4881
1.1837
1.7074
0.5008
2.8091
2.9477
0.1816
0.8277
0.8141
1.4746
3.4282
0.7247
1.7012
0.1264
6.8226
0.1958
0.7986
35.6308
0.0350
0.8859
0.9767
0.9405
5.8897
0.6886
11.3896
0.0549
0.8165
1.4772
0.3299
2.1401
0.7003
0.8883
1.1564
0.8932
0.7302
13.4263
0.0755
1.4107
3.4367
0.2158
2.3571
0.6741
0.6359
1.0661
1.6116
3.6493
0.3786
405.2127
0.0009
1.2270
1.2053
19.0556
0.0556
1.6047
0.4308
3.5686
0.2684
1.0910
0.9747
3.5516
0.6850
0.7156
1.0144
11.2118
3.2554
0.0198
1.6400
0.8845
0.4909
1.6923
0.7095
3.0935
0.2790
16.8403
0.0694
1.3383
1.4650
1.3672
2.2307
0.2065
1.0158
2.3426
0.7453
0.9306
0.7600
1.0731
0.5798
5.1191
0.4937
9.6281
0.1220
0.3271
1.0292
1.0533
0.7532
35.7418
0.0840
0.4014
4.1790
0.3783
0.5588
3.0508
0.3124
3.0034
0.5415
0.7908
1.3828
1.0533
0.5666
1.0986
2.3649
1.1888
0.4281
1.1273
1.0552
22.1635
0.0471
1.4569
0.7452
0.5885
1.2705
1.5088
0.6684
2.6542
0.7724
23.5507
0.0387
0.6429
1.0496
2.1362
0.5982
0.5071
2.2256
0.4289
2.2387
0.8215
6.2090
0.1287
3.9596
0.2787
5.5338
0.3688
61.9989
0.0060
4.8975
0.2641
1.1159
0.9186
1.0726
2.0560
2.0485
0.3026
0.6062
1.0715
1.1420
0.6153
4.6625
0.5624
1.4825
0.9250
0.3150
6.5630
1.1082
0.9203
0.2227
0.5821
9.4434
0.4280
0.4126
2.0306
0.2598
18.2161
0.0825
2.1601
0.3136
2.2083
0.4889
7.6789
0.4077
1.2188
0.4080
13.1420
0.0599
4.0669
0.6181
1.0372
0.6082
0.5108
1.2912
0.7846
1.2335
0.8221
2.4537
0.7100
1.6748
1.3312
0.2733
1.6398
0.6503
1.1812
0.6998
1.4562
0.7296
0.8951
2.3247
3.1978
0.7126
0.8473
2.4792
0.5578
0.3764
0.4507
4.4683
0.2432
2.4249
0.4414
2.7204
0.3221
1.0354
25.7153
0.0794
2.8334
0.2777
0.6460
0.9199
0.9794
1.2925
1.3310
2.4103
0.2365
1.2236
0.9427
6.0280
0.2335
2.0051
0.6069
0.6020
1.1388
0.9436
3.1664
0.6619
8.3609
0.0483
1.1240
2.2687
0.8653
1.2846
0.4203
0.9941
2.1240
0.4405
0.9275
6.9862
0.1846
0.7011
1.0857
1.0690
3.6556
1.1036
4.3709
0.0789
6.4255
0.1200
10.7735
0.4708
0.2312
0.9880
1.5519
1.4163
0.3195
1.7586
0.7749
1.0714
2.2551
0.3874
55.5202
0.0201
0.7630
4.6575
0.3072
1.3145
0.6686
1.6381
0.4347
1.7190
0.6210
2.1687
0.5729
1.4243
0.5250
83.2742
0.0179
7.8001
0.4286
0.2048
4.0056
1.4859
0.1987
0.8328
1.4550
11.3262
0.2400
0.2636
477.3978
0.0024
2.0442
0.8131
0.5559
1.1136
0.9603
4.4696
0.4304
0.5455
4.6942
0.4995
1.2456
0.3358
1.9742
1.0432
0.9419
0.6535
1.7941
0.5071
1.2461
1.0834
11.3006
0.0821
1.4654
0.4614
0.8837
1.3626
4.6496
0.2063
3.6293
0.2569
2.2541
6.6191
0.1231
0.5274
1.8296
12.2984
0.0605
0.9106
3.8777
0.7811
0.2568
1.3288
1.1556
1.0681
19.7187
0.0740
0.3650
7.9969
0.1330
1.6201
2.3758
0.2499
4.1046
0.8901
0.3397
10.6971
0.1090
0.6697
1.9666
0.7386
0.9359
6.1460
0.1268
1.5989
1.4141
1.1530
0.5361
0.8380
2.4700
0.6023
0.7857
1.7984
0.5406
1.1765
1.3091
0.6246
1.9072
0.4536
1.2001
1.9019
2.2180
0.1762
1.5991
6.0589
0.1466
1.9809
0.3521
1.4406
1.9401
0.8421
0.6799
1.7755
0.4210
0.8323
0.9787
3.3421
0.7813
1.2066
1.0576
0.3086
3.6977
1.1689
0.2840
0.8871
1.0016
1.2711
20.6461
0.1538
0.2205
1.1116
1.0475
0.8357
3.0055
0.3532
1.1086
1.2484
0.6839
1.4470
7.0989
0.3716
0.4094
2.4293
0.4128
1.6175
0.5590
2.0106
0.7217
1.2868
0.4724
0.9430
3.3893
0.3306
1.3637
4.5123
0.3360
1.1086
0.5613
1.9866
0.3007
1.0838
1.1097
2.2595
0.5149
1.3367
0.5381
1.7240
0.6214
1.3491
7.3059
0.1140
3.6226
0.2716
18.9472
0.0641
1.0663
0.7355
17.8849
0.0513
7.7155
0.1259
1.7714
1.8064
0.3304
1.5817
1.0566
1.0197
1.2983
0.5697
1.1477
0.6817
2.9872
0.5185
17.3311
0.0412
4.3845
0.5977
0.3396
1.9363
1.3266
0.5198
0.7207
2.5009
0.5873
0.7345
1.8388
0.6494
0.9071
1.0770
2.0547
0.9946
2.2243
0.6275
5.9086
0.5269
0.1905
0.6772
0.9523
3.0860
0.4381
0.5914
0.9029
1.1779
31.1666
0.0645
0.8490
0.8622
2.1788
2.3321
0.1502
11.6721
0.2814
0.3849
1.5202
0.6367
0.7715
8.1936
0.2476
0.7651
5.3992
0.0969
1.1715
2.0569
0.6252
4.4030
0.2549
0.6592
1.0995
4.4651
0.2716
3.3054
0.4477
0.5034
2.4195
4.8159
0.3202
0.2557
2.4903
0.4485
9.5697
0.1094
0.8125
1.0345
1.1505
0.8379
1.6174
3.2228
0.4338
1.4196
0.3584
1.1311
0.8192
1.1291
3.4726
1.0582
0.3409
1.5794
3.5271
1.1828
0.1247
412.1150
0.0440
0.0451
1.2798
0.7521
2.6742
0.4694
7.9662
0.1648
1.6185
4.0531
0.0926
1.0749
1.6678
0.5703
1.4152
2.7975
0.4370
2.3011
0.6085
2.2659
1.1427
0.2581
1.4631
0.7108
1.7163
0.7180
0.5978
1.4194
1.1057
0.6655
44.4034
0.0312
0.8998
23.0772
0.0518
3.1397
2.6002
0.3090
298.3482
0.0018
0.4010
36.8796
0.1242
0.2298
0.9959
1.2277
2.6126
1.5889
0.2501
2.4100
0.3475
4.1084
0.4819
0.4494
1.4186
1.0525
0.9044
0.8477
1.0666
0.9146
2.4230
0.6112
0.6768
0.9406
1.6461
3.0815
2.1540
0.0939
1.0895
6.8912
0.2173
1.0083
1.3108
0.4185
1.0555
2.5811
0.4397
1.1098
1.0430
1.4516
0.7182
2.1592
0.4678
0.9975
2.6168
0.3420
2.6848
3.0270
6.9228
0.0251
0.5477
1.0943
1.2520
6.7000
0.4131
0.2959
1.2649
0.7659
1.0939
5.0260
0.3428
0.7738
1.3653
0.5338
1.6793
0.5537
0.9095
1.9849
1.0301
1.1782
0.4625
3.0895
0.5308
1.6841
0.4787
1.2780
1.5044
2.1016
0.2687
2.3117
0.5137
0.6592
1.7689
3.5797
0.1525
3.1050
0.5120
5.1958
0.1263
2.1199
0.8851
12.1252
0.0907
0.4921
2.8458
0.4884
0.5568
70.9974
0.0206
1.1604
0.6849
6.0815
0.2099
0.9077
2.9062
0.3666
0.7663
4.6866
0.2488
1.8370
0.5203
1.1889
1.4356
0.7999
1.7419
3.6545
195.1023
0.0005
0.9748
2.2441
0.7319
0.9382
0.9771
4.8620
0.1255
2.6530
2.4305
0.2621
0.6501
3.8893
0.3318
0.8878
3.9215
0.3669
0.7198
18.1382
0.0890
0.8013
0.6771
1.4126
0.7689
2.9764
0.8227
1.7903
0.4209
0.4676
3.8839
0.7689
0.3225
1.4109
1.5803
0.4371
3.6179
0.8435
0.6235
0.8803
1.1577
0.7428
1.7531
0.6046
0.9616
3.3806
1.1586
0.2534
1.4606
1.2619
0.4004
1.6732
0.9285
0.7508
2.8435
0.3135
3.9378
2.1652
0.1889
0.9468
1.2750
1.1194
0.6692
1.1320
1.0796
2.7122
0.2946
121.3853
0.1092
0.0469
3.4196
0.3522
2.2634
4.8037
0.0859
1.2093
1.2272
1.5972
0.6296
0.8395
1.5926
0.7482
0.9710
1.3622
2.3596
0.3099
0.6395
2.3341
4.9114
0.9163
0.5881
0.5658
0.3438
10.4230
0.0796
2.0728
0.6213
4.2079
0.4540
0.5138
2.4971
1.1914
1.1479
0.2989
4.0305
0.7471
0.8223
0.4596
3.2671
0.3451
2.6217
0.7241
0.4154
7.7997
0.4650
0.2070
1.9848
1.0459
0.6012
7.2472
0.1328
1.6588
0.6934
16.8180
0.2283
0.3791
0.9966
0.8900
6.5171
0.0864
1.4561
0.6804
1.0266
0.9647
1.6481
0.6097
3.5712
0.4458
1.2558
1.6317
0.6220
0.7972
0.6932
1.0747
0.9357
58.2465
0.0281
1.1767
0.5879
0.8129
1.4110
1.2545
0.8073
0.9007
17.0652
0.0437
1.6542
0.9265
0.8592
1.4116
1.2203
1.5881
0.7207
0.6815
17.8452
0.0328
2.0631
0.5627
1.8063
0.7973
1.6448
0.5845
5.5209
0.1682
2.8209
0.5262
0.4472
2.4613
0.6604
0.8656
16.5484
0.0423
1.0548
1.0616
1.6389
3.5708
0.2477
1.0948
0.6447
4.2457
1.4430
0.2441
1.7728
10.3154
0.0452
0.7627
3.2857
1.9369
0.3409
1.6537
0.6667
9.8801
0.1052
0.3921
21.4425
0.1662
0.4283
1.3129
1.3180
0.9248
0.4075
10.9708
0.1305
3.4262
1.2276
0.6850
0.3993
1.0548
7.7941
0.4170
0.2902
2.4844
2.6025
0.0941
0.9765
2.7600
0.5932
1.4459
0.9445
0.5122
1.1962
0.7463
7.0508
0.2199
15.9482
0.0511
1.1760
0.9135
6.7086
0.1163
4.6044
0.2006
1.2089
1.6992
0.5215
1.3125
0.7561
3.8682
0.5502
1.1456
0.4647
1.0927
0.8823
16.6509
0.0631
5.3001
0.5382
0.2910
1.4189
2.5353
0.5097
1.0966
0.7727
1.1604
1.8870
0.6489
1.1004
5.6867
0.7364
0.1160
1.0664
0.8504
2.5809
1.0290
0.3761
1.1308
3.2213
0.3539
1.9240
1.2458
0.4565
2.6256
0.2611
1.1347
1.0221
3.7428
1.7498
0.1994
12.6698
0.2246
0.3500
9.4589
1.4369
0.0931
2.6956
0.3937
0.4796
3.3820
0.4480
3.4867
0.3245
1.3164
2.5577
0.8403
0.4525
1.6871
1.8027
0.4735
0.3946
0.8025
1.8871
0.9017
0.8585
0.9646
0.7768
6.7306
0.4086
0.5089
1.0826
2.5085
1.1660
0.2227
2.1118
0.6840
0.6834
1.0643
1.9793
0.5759
3.1986
0.3139
3.6554
0.4538
0.5620
1.0389
1.2135
14.2572
0.0754
1.2567
3.4206
0.2981
0.9248
0.8140
1.0700
1.1747
2.3124
3.8271
0.9512
0.0572
1.0910
2.6444
0.5102
0.8751
1.1583
0.7133
2.8217
13.5337
0.1451
0.1817
1.4075
1.1745
0.6801
1.3960
1.5105
2.0028
1.0601
0.3521
0.6361
1.5236
1.0001
0.6654
1.7816
1.2908
14.5966
0.0291
1.5379
0.7638
2.3698
0.3609
1.1432
0.7976
3.4433
4.5456
0.1246
1.2566
4.2744
0.0957
274.1387
0.0280
0.1497
3.1883
0.2806
45.3099
0.0490
4.9613
0.8748
0.0987
1.2239
1.0548
18.5470
0.0683
1.2108
1.5653
1.3210
0.3676
1.1318
1.0446
0.6804
22.6575
0.2303
0.2176
4.4566
0.1883
13.3113
0.0907
0.7281
2.6611
0.8676
1.1669
0.7089
0.6658
0.9413
0.8081
3.6923
0.3179
5.8753
0.5127
0.2752
1.3642
3.5590
0.3845
0.6373
0.9968
10.6509
0.0861
2.2426
2.3609
0.2691
0.6484
1.3528
1.3773
1.6742
0.7452
0.5115
4.8255
0.1857
0.9789
1.2562
31.1431
0.0311
2.3211
0.4170
5.2512
0.4782
0.6078
15.8763
0.1395
0.4125
0.6049
24.4151
0.3841
0.3545
0.4660
1.3468
1.1694
0.4729
1.2342
0.6677
3.3076
1.1132
6.5566
0.1395
0.6690
33.0718
0.0164
2.6226
0.4578
0.8039
0.8530
3.6157
0.4740
0.5925
5.8600
0.7366
0.3593
0.8471
2.6331
1.8062
0.2528
1.3366
2.7259
1.3218
1.6344
0.1777
455.5670
0.0012
0.8284
4.6861
0.3005
1.4669
0.6097
15.3232
0.1824
0.3032
11.2123
6.2778
0.1026
0.3577
28.7470
0.0156
2.0437
1.2476
0.6007
3.2485
0.3080
0.5878
9.4487
0.1224
1.0658
0.9389
3.3450
1.8424
0.2141
7.1122
0.1112
0.8645
4.2487
0.4502
2.5481
0.3048
1.8699
0.3350
1.6602
1.1772
0.7125
1.2456
0.5486
8.5176
0.1396
16.3452
0.5781
0.2156
40.8763
0.0203
0.7823
1.9344
0.6953
1.3596
0.5529
0.8383
0.9582
1.2271
0.9116
0.9722
1.2170
0.7365
0.9771
0.8058
0.9960
5.0533
0.5002
0.7560
2.3160
0.3968
4.2236
0.3508
0.8281
1.0096
0.8569
3.1708
16.8913
0.0357
0.3538
0.8587
1.0568
1.1653
0.8927
1.4365
1.3115
0.5409
1.6127
0.5262
10.7937
0.2734
0.4916
0.8576
1.7639
0.6697
5.5726
0.1422
2.4219
0.4374
4.5152
0.9239
0.6061
26.1049
0.0276
0.4751
1.3145
1.6464
2.1679
0.3593
0.5973
0.9335
17.6381
0.2627
0.2792
2.2108
1.3378
0.2853
5.7475
0.1973
1.1220
1.1239
11.0194
0.1271
5.1660
0.1662
0.5534
207.5590
0.1043
0.1107
0.7192
0.7586
0.8137
0.8736
2.1582
10.6893
0.1804
0.3639
1.0756
47.8038
0.0156
2.3229
2.0017
0.4371
3.0491
0.2107
0.6563
10.4685
0.1416
9.4203
0.7180
0.1398
1.3810
2.8797
1.9781
0.3747
1.1258
0.3313
1.0656
8.2926
0.5441
0.2115
1.0050
1.5089
0.4090
16.6061
0.1257
0.8829
0.6555
0.8481
1.2870
1.3013
3.0971
0.1914
8.0422
0.3127
0.9576
0.8371
0.7359
4.5022
0.3656
1.2943
0.5026
7.5994
2.4750
0.0389
0.8886
1.5260
0.6243
3.9118
4.8586
0.1644
0.4933
0.8640
49.0386
0.0193
1.0647
1.2354
3.1102
0.2017
2.1914
3.4993
0.2272
0.7800
0.9395
3.6427
0.2881
6.3529
0.4695
0.2500
2.4213
0.4801
2.2360
3.4495
0.1124
2.2073
0.8100
1.0722
1.0530
0.6493
0.9604
2.3553
0.4599
0.8207
1.6598
1.3340
2.6569
5.3123
0.3035
0.6314
0.4928
0.2990
16.1335
0.0647
0.9981
1.1584
0.9111
5.6436
0.1805
33.8072
0.0405
1.9734
0.7435
6.5420
0.3186
4.0709
0.1585
0.5500
1.1042
1.7584
0.3729
1.0772
3.4248
0.4946
5.5353
0.9006
0.2409
0.7270
1.1919
0.7071
0.6319
23.2646
0.0843
0.4926
3.1383
2.8945
0.1229
1.4819
0.9200
2.0064
1.9177
0.4114
2.9091
4.0005
0.0689
0.9489
1.2145
2.2376
0.2371
1.0987
1.0832
0.7315
1.4905
0.9952
4.4658
0.4122
1.2213
0.8658
0.3745
2.9948
1.7935
0.2811
0.8897
1.6577
0.5736
2.8695
0.9256
0.4726
1.3365
0.4172
2.0003
1.7428
0.2974
1.4020
1.5003
0.5935
0.8603
8.6783
0.1454
4.2242
6.5491
17.2969
0.0041
0.4835
11.1037
0.0902
1.3602
7.9418
0.1621
0.6883
3.7181
0.4213
0.4881
1.2972
1.1731
1.2077
0.8189
1.3414
0.9488
0.6024
1.0102
0.7748
1.7966
2.1740
0.6372
0.4367
3.5756
0.9788
0.2678
2.1720
0.5861
1.1376
1.5726
1.3899
1.4394
1.0193
0.5878
0.7078
0.4635
0.9765
1.7675
1.2785
0.4925
9.3562
0.1362
3.3028
2.1581
0.2477
0.9920
0.7732
1.7773
0.4148
0.7086
2.1839
0.9582
1.0985
0.5736
1.5716
0.5108
1.0968
0.8497
1.4041
1.3026
0.9492
1.8935
0.3804
4.1153
0.7649
0.2692
1.2283
0.9102
0.9659
1.4974
5.6653
0.4011
1.1778
1.2034
5.4767
0.0934
0.9571
0.7023
1.8214
0.9385
0.4122
1.3377
3.0692
0.3188
1.4201
0.5015
2.3648
0.4820
1.1131
0.9103
4.5825
0.1836
1.6222
0.5119
1.4906
0.9688
0.6988
1.8844
0.5649
12.0223
0.0843
1.8442
1.8171
0.3935
2.1850
0.6118
25.5053
0.0204
1.9162
2.6089
0.4008
2.5801
0.2169
0.9710
125.7611
0.0087
1.8869
1.1780
0.5093
230.2866
0.0059
1.1631
2.2795
0.2088
2.2920
3.0350
0.9860
0.2581
0.6600
4.4693
0.6005
0.3584
5.3894
0.5046
0.3764
3.3083
0.3870
0.6683
42.7138
0.3274
0.0778
6.1041
0.1966
4.8598
0.5912
0.2975
0.9946
1.2547
1.3844
0.8699
0.8895
1.3707
0.6364
1.4331
0.7529
3.2087
0.6637
0.3384
1.0705
2.4325
0.4294
0.8745
1.4459
0.7306
0.9531
1.5185
2.8002
0.3647
1.7640
0.5992
0.7190
0.9370
0.9549
1.4416
1.3043
2.1416
0.9450
3.4945
0.4815
0.2179
5.9959
0.1700
13.8342
0.1197
2.8629
0.1770
982.2335
0.0013
4.5260
0.2651
1.7923
0.5116
2.0690
0.3143
1.8092
0.9124
0.9329
4.4801
0.3286
1.4918
0.2908
1.8688
1.1378
1.7002
1.5073
0.2593
0.7882
1.5693
0.5302
1.8856
0.5931
1.1042
0.8785
1.5806
0.5721
4.4332
0.2843
147.6221
0.0071
4.4200
0.2891
1.0262
4.0023
0.6519
0.4464
0.4799
8.7100
0.2173
3.7619
0.2887
1.2266
0.4391
3.8706
0.7665
0.4035
5.1089
0.1473
1.9873
1.4634
2.4687
0.1735
0.8808
3.4325
0.4706
0.9129
0.6586
1.0481
2.2208
2.8722
0.1557
1.7820
0.5369
1.1138
2.2139
0.4803
4.4538
0.1940
1.2113
0.8471
14.5606
0.1324
0.6576
1.0716
20.0230
0.4588
0.0900
0.8079
1.1315
1.1917
3.3370
0.2785
0.9596
1.7260
1.3965
0.4164
3.6053
0.3710
0.6531
5.0810
0.2130
0.8971
2.0977
2.8607
0.1697
4.9464
0.3115
1.0319
1.6054
0.4726
0.8278
2.0114
0.5909
0.9528
1.7945
1.1118
2.5462
0.2101
1.7905
0.4544
1.1178
453.1321
0.0075
4.8119
0.0793
2.9673
1.6333
0.6037
0.3424
3.0157
0.3924
1.2408
0.5997
0.8206
3.2708
0.3414
2.3314
0.5061
2.2376
4.8169
0.0950
0.8978
1.9996
1.2701
0.3344
1.0073
0.9291
4.3449
0.9191
2.0337
1.4478
0.1235
0.8816
1.0824
1.6267
3.9494
0.1828
53.2396
0.2256
0.0588
2.7271
0.8580
0.8387
0.4253
3.5673
0.3480
6.4232
0.2099
1.9108
0.6864
0.9756
0.6415
0.8076
1.0089
4.6300
0.2566
14.9112
0.1157
172.0986
0.0039
1.3020
7.4107
8.2791
0.0275
0.4269
7.8426
0.1207
1.6299
0.4457
2.0448
1.1453
0.6189
1.3671
2.6779
0.3808
0.5762
1.8098
2.2671
0.6270
0.9015
0.3822
1.1194
5.1662
0.2501
1.0915
1.0081
1.0348
1.0050
3.1964
0.3056
1.5143
1.1406
0.6447
1.4010
0.4797
3.2134
0.2687
1.2682
0.9102
2.9450
0.4121
0.7496
1.1213
2.1699
1.0137
0.8783
0.6694
0.7122
3.6758
0.2534
1.1306
2.4032
0.5495
1.2565
0.4921
3.8528
0.2622
27.9756
0.0865
18.1287
0.0314
3.6155
0.9535
1.3925
3.4843
0.2060
0.2683
1.5848
1.0118
3.1331
1.3378
0.3140
0.3847
1.3997
1.1361
1.2940
2.0631
0.3682
0.7561
2.1089
0.4907
8.0609
0.1040
0.9625
1.3167
1.1197
2.9770
0.3124
2.2491
0.3389
0.9915
2.5801
0.7540
1.8518
2.3291
0.1720
0.8978
5.7900
1.2684
0.1971
3.7348
0.3481
2.1207
0.2062
0.8871
3.9259
0.3153
0.9360
1.5098
2.5032
0.2543
3.5718
0.6105
0.4252
1.5858
2.5265
0.2968
1.0193
2.6205
1.3313
0.4142
0.6982
1.7212
1.0541
0.5900
1.0997
3.3454
0.4475
0.5277
0.9655
2.6521
0.4928
1.2030
2.5699
0.3368
0.8170
11.7982
0.1541
0.4785
1.1035
0.9553
0.9291
1.0466
1.1976
2.4662
0.3859
1.1419
0.6994
9.1882
0.1794
0.8833
0.9995
0.7971
3.3207
0.2495
6.5713
0.4875
2.2520
0.3810
1.5338
0.2698
1.8402
1.2608
4.2784
0.0889
1.3022
1.4368
1.0628
0.7288
0.7453
0.9672
1.2025
1.1448
0.7642
1.1107
0.9755
10.5007
0.2199
0.8043
1.6588
0.7911
0.4225
3.6418
0.2971
0.9368
3.6364
0.2574
8.0707
0.1470
8.0792
0.1007
1.0898
1.6210
0.8347
1.7599
0.9029
0.7402
206.3756
0.0031
3.5411
0.9974
0.3399
3.5788
0.1857
2.5451
0.6094
0.9906
6.5795
0.1076
37.6034
0.1439
0.2901
3.1634
0.4377
11.9867
0.3892
3.6765
0.3889
0.1006
0.8392
1.7423
1.9691
0.9955
0.3480
0.8797
2.1174
0.7953
0.5043
7.4981
0.1338
2.2166
1.0385
1.0041
2.2615
0.3026
1.1875
2.0292
0.3534
2.3294
1.6207
0.1684
1.8271
0.8061
0.7433
5.2169
0.2126
0.9416
1.6467
1.0415
1.7653
2.1146
0.1983
0.8122
2.3358
0.7602
0.8782
0.5808
1.3144
36.2635
0.0448
0.6754
3.3814
0.3344
1.6145
0.8568
6.1873
0.0854
1.5720
0.7031
3.5839
0.2117
1.7113
0.8781
0.7474
0.9440
1.0123
5.6053
0.1636
1.5823
0.9389
0.8892
1.3695
2.5405
0.2632
0.8528
1.1872
1.3125
1.2848
16.7464
0.3193
0.1529
0.6008
1.9206
2.7741
0.5192
0.9334
1.1986
7.3640
0.0690
1.1555
0.5247
1.5135
5.0509
0.1452
7.1113
0.3452
28.1189
0.0134
3.0564
0.5346
1.0994
0.6763
1.2899
0.8822
1.8418
0.5220
0.7543
23.3698
0.0807
8.4216
0.1835
0.4636
0.8360
0.9460
1.3949
1.5232
0.9662
1.5279
0.5222
2.6151
0.6727
2.9687
0.9891
0.1705
0.8872
16.1617
0.3676
1.7328
0.2682
1.0222
0.3460
1.7603
0.8565
5.7619
0.1030
1.1702
1.1780
2.0218
0.5251
1.4253
0.5237
10.2597
0.2833
0.6400
3.8299
14.8997
0.0108
1.9355
0.4665
49.9667
0.0243
0.8374
0.6976
4.1969
0.3062
1.2124
5.8368
0.1130
3.0473
0.5371
4.9604
1.2592
46.2306
0.0044
0.6042
0.9707
1.2758
1.4242
1.0820
1.5166
4.5401
0.1861
0.8233
0.5592
2.0778
0.4329
6.7102
0.3079
0.4776
4.3072
1.9034
0.1192
1.1547
1.1778
2.9222
0.5125
1.8669
0.2441
1.3571
1.2426
0.7626
13.2052
0.5524
4.6855
0.0256
0.9582
0.8773
1.1830
1.8857
0.8545
1.2669
0.6116
1.3590
0.4481
1.1518
1.0782
1.4201
6.1651
0.1324
1.1684
1.1117
0.9198
2.0965
2.1201
0.1683
0.8590
2.8538
1.0388
1.6127
0.1936
2.2494
0.5229
1.2463
0.7592
2.7739
0.3983
1.0955
0.8082
1.1490
1.2395
12.7937
0.1344
2.6036
0.2193
0.8999
1.2594
0.5863
0.9820
2.1858
3.7138
0.5545
2.7143
0.2081
0.5077
5.5543
0.1822
0.7568
1.2955
1.5533
3.5333
0.3462
0.4058
2.5980
13.3777
0.0356
0.8810
0.9758
1.0492
4.9902
0.5683
0.4498
1.7435
0.4206
1.6146
0.6829
2.7993
1.3297
0.2633
1.0020
4.4407
0.7805
0.3531
1.8790
1.9082
0.6861
0.6999
1.0030
1.0151
1.0545
0.4283
3.5595
2.0996
0.1942
1.0190
1.0042
1.3348
1.6725
0.4075
0.7791
1.1678
1.6559
52.3042
0.0099
2.1825
1.5102
0.3300
1.0902
0.7747
1.5965
2.0270
0.4088
1.8933
1.3970
1.2154
1.1400
0.2468
0.9168
2.7421
0.9303
0.8774
1.2139
0.3555
4.4608
1.1740
0.5000
0.6376
0.9263
1.7504
0.4095
1.3695
1.2372
1.2023
8.7710
0.9285
0.1170
0.5030
19.3774
0.1623
0.2672
1.5624
1.9596
0.8617
0.4795
8.8571
0.1206
1.6728
0.5033
1.3906
2.2328
11.6556
0.0419
0.9439
2.8019
0.7380
0.3027
1.1270
68.3915
0.0230
0.7911
1.2568
2.0860
0.2807
12.9257
0.0909
19.6548
0.4618
0.1601
0.8517
1.3387
0.6345
1.0321
0.8099
19.3468
0.0865
0.6538
0.8273
3.7970
0.2899
1.0775
0.8448
1.1194
1.0325
1.3365
0.7731
2.8551
0.5361
1.2303
0.6185
0.9642
2.8213
0.3295
2.7651
171.7055
0.0028
0.9847
1.9668
0.3128
4.1823
0.7265
0.3286
6.9189
0.4120
0.4961
4.6790
0.2199
0.6897
8.8533
0.1578
6.0268
0.1213
1.6406
1.2457
0.7835
1.0224
0.9492
1.1385
1.3309
1.8685
0.3393
2.3598
0.4824
0.7382
1.4520
2.0037
0.6196
0.7484
5.9904
0.3910
5.8883
0.0495
42.8250
0.0665
0.5157
0.8927
6.8376
0.1258
0.9348
1.2055
0.8400
2.3242
2.2150
0.1538
2.0069
4.0334
0.1444
4.2388
1.0971
0.2004
2.1555
0.4855
15.3344
0.1504
30.4742
0.0517
0.7641
1.1753
0.3908
5.2193
0.2640
1.0303
1.6072
0.5582
0.6594
1.8979
0.7736
0.9077
1.1562
0.6798
130.7682
0.0113
3.1693
0.2919
4.8026
0.2180
1.3812
0.8923
1.0853
1.0782
0.4731
0.9933
0.9725
2.2471
0.6037
1.3894
1.9078
0.8381
14.9529
0.0343
1.7108
0.4173
0.9092
1.4614
1.6409
0.6796
0.5272
1.2627
2.0727
0.4358
0.9243
123.0977
0.0726
0.1049
2.5340
0.4413
19.3645
0.0916
1.2129
0.4659
2.3782
0.7239
0.5003
1.3178
11.8439
0.2231
0.4727
0.8405
0.7641
1.0519
2.4541
0.6208
0.6021
4.1161
0.6144
0.4348
3.5707
0.3034
0.8987
6.5920
0.2994
2.2810
0.5934
0.4243
1.2651
72.0199
0.0378
0.2629
5.0848
1.4155
0.1336
2.1814
0.5279
1.1805
0.7332
3.3075
1.3705
0.7505
0.2828
5.2383
6.0085
0.0459
29.9029
0.0322
2.2110
0.4487
0.8617
1.0743
0.8312
1.0083
8.8140
0.1150
0.9775
18.9873
0.7445
8.0212
0.0139
0.6551
20.1426
0.3706
0.2366
1.0467
24.8226
0.0512
0.6091
0.6965
1.2935
1.4173
0.9911
0.7746
3.0874
0.5636
0.5022
1.4858
0.5912
14.2378
0.2824
0.7473
23.1274
0.0182
11.5336
0.0649
2.2138
0.4721
3.2645
0.7455
0.8041
0.5482
26.3602
0.0521
0.5723
4.3103
0.6503
0.6651
10.8919
0.1557
0.7569
1.4346
0.8049
0.6262
5.5392
0.6732
0.3444
0.7199
0.8763
2.3635
0.8806
3.0566
1.2855
0.0934
11.0011
0.1760
2.0842
1.1305
0.9670
2.1878
0.1201
5.3053
0.2935
0.5911
9.7569
0.7497
0.2244
6.6541
0.0862
0.9119
1.2080
0.9337
0.9066
2.5276
0.8931
0.6166
0.7652
1.6457
0.9108
1.1052
2.4925
0.5840
1.0793
0.4208
1.1716
19.3731
0.0409
3.5775
0.2581
1.0434
1.6349
2.1523
0.5302
2.8619
0.9347
2.1554
0.1147
0.8049
2.1517
6.8021
0.1041
1.1106
1.5171
0.4856
1.8957
0.4500
1.2912
5.3541
1.5708
0.1396
1.1566
0.5321
2.8029
0.3600
1.2478
1.5436
0.9995
1.7923
0.8897
0.5297
1.6166
3.3319
0.4167
0.6344
0.4474
3.4947
0.4869
1.2754
1.7022
0.2718
4.1039
0.3123
2.4869
0.6035
0.6204
1.0284
1.3372
0.9240
2.1227
11.3800
0.0516
0.5584
1.5069
2.2441
2.6261
0.1212
1.2400
5.2359
0.5721
0.2708
1.6667
1.3963
0.9172
1.9500
0.3028
0.9088
1.5207
8.4477
0.0908
0.9158
4.1118
0.1730
1.4965
1.4284
0.5162
1.8647
1.6483
2.1626
0.4268
0.5493
0.8499
3.4075
1.1090
0.1844
3.1465
0.4597
0.9373
0.8329
2.3484
1.2077
0.3648
3.0499
0.5974
0.5084
5.1974
0.6779
0.4905
0.8068
0.6353
1.4867
0.6342
11.6298
0.1534
1.0686
0.7956
7.1433
7.6984
0.0466
0.4697
0.7399
1.0542
0.7540
1.0756
1.0253
0.9877
6.2580
1.1461
0.1373
0.9041
1.2351
1.0330
1.3168
3.1931
0.4938
0.8163
1.3461
7.9674
0.0824
2.1635
0.3809
2.3364
2.0731
0.1517
5.8174
0.1484
1.2614
1.9030
1.4090
0.7269
0.4753
0.9511
2.0240
4.9537
0.1313
0.6980
1.2471
0.8752
1.2931
1.3158
2.0521
0.7195
0.3692
9.9433
0.1106
2.1658
0.3999
1.0263
0.9970
7.0826
0.1720
0.9009
3.2938
1.6716
0.1968
0.9105
1.5701
2.1841
0.9484
0.2974
1.0957
0.9967
1.5512
1.2337
0.4852
1.8381
2.7747
0.2262
9.4022
0.1584
8.5200
0.1359
13.0725
0.0489
1.4906
1.1079
2.4861
6.5814
0.0413
0.8212
1.8055
0.4441
10.0716
0.1318
0.8417
1.9363
0.7101
1.6771
0.6061
0.7443
1.4081
2.8782
1.3940
0.2425
5.7534
0.2238
0.4799
2.7393
0.7938
0.9036
2.1525
0.5710
1.2054
2.4084
0.1759
0.9042
3.8501
0.2792
1.5733
0.7075
2.7151
0.3921
16.0289
0.1505
0.7750
0.4922
1.2616
0.5908
0.9977
1.6325
0.9846
2.2839
0.4342
1.0168
18.5468
0.1256
0.4751
0.6204
1.0347
0.9909
2.8644
2.6173
0.2458
0.7746
2.3097
0.4429
2.7041
0.4748
0.8864
3.7497
0.2178
1.7571
0.9339
9.5173
0.0749
0.8070
2.2259
0.3639
1.8523
0.4888
1.6093
0.9178
1.1104
0.9890
2.2476
0.5156
1.0883
4.1999
0.5901
0.2905
8.1409
0.1593
0.6160
1.0808
1.0434
0.9325
3.2571
0.2350
1.2623
3.6113
0.3737
1.6736
0.3729
3.5426
0.2767
5.7430
0.4469
1.3100
0.3927
1.1375
1.0791
0.7190
40.2385
0.0274
1.4067
3.5754
1.7919
0.2205
1792.9545
0.0003
18.7591
0.2145
0.8571
0.9645
0.2138
1.7237
0.7260
0.7816
58.8970
0.0868
0.3149
0.8428
1.4479
0.7876
8.2954
0.1712
2.2744
2.8904
0.4370
0.1694
1.0989
1.0678
3.2019
0.2890
1.2844
1.1483
0.9757
0.6235
0.9872
19.2965
0.1194
0.5829
4.0459
0.8047
1.7367
0.5152
0.3470
1.7785
0.4118
19.7467
0.1677
0.5709
1.9659
0.3006
4.2808
0.6507
1.9439
0.2602
1.4238
0.7081
2.8632
0.7594
0.3599
1.4773
5.1616
0.1746
2.5794
0.2858
0.9386
1.4226
1.7373
1.0648
0.8129
0.4512
2.7321
0.4950
0.8704
8.5505
0.1519
2.7764
1.7306
0.3035
3.7861
0.1103
5.1055
0.1952
2.2173
1.1396
0.6566
0.6094
20.6911
0.0564
2.5022
0.5737
0.5903
3.9624
3.1362
0.2331
0.3911
0.8861
1.6095
0.6511
4.3485
0.2467
1.1291
1.0856
0.8352
18.7959
0.1754
2.3352
0.1378
0.9226
3.0067
1.1574
0.3988
4.5191
0.1651
2.0435
0.4351
0.9382
2.3875
1.3068
0.7862
0.4275
1.3036
2.6885
0.4124
1.1133
0.6587
1.5470
0.5693
4.2092
0.3605
1.6526
2.5617
0.2115
1.8761
1.1742
0.3677
1.3025
1.9154
0.3966
5.6403
0.1616
4.5355
1.0568
0.3324
3.7522
0.3215
0.6225
1.8935
0.7838
1.1212
0.5530
2.5160
0.5228
2.8569
0.2418
1.4956
0.8055
1.2189
5.2545
1.0755
0.1589
2.9913
2.4600
0.1375
2.1061
0.3705
12.4511
1.1450
0.3833
38.4733
0.0076
9.8898
0.0843
1.6756
1.1216
0.8408
0.4980
1.2612
1.1655
0.7649
0.8269
2.3095
0.5726
4.7577
0.2366
1.6538
0.7953
1.2463
1.6803
1.3872
0.4330
0.5770
2.9235
18.5104
0.0132
2.0881
0.8183
0.6293
0.9266
2.2484
0.5242
5.6414
0.1584
1.4428
7.8822
0.1879
1.5671
0.2973
6.4376
0.2260
1.2019
2.8630
1.4858
0.3004
0.4527
6.2257
0.1577
1.1411
1.6653
1.0380
14.4717
0.2610
0.1871
3.7247
2.1978
0.1691
0.6135
3.2506
0.7452
0.7454
1.8338
1.1415
0.5225
0.6825
2.4332
4.7146
0.0604
62.2858
0.0182
0.7739
2.7460
0.8741
3.9014
0.1032
1.1826
4.3458
0.2561
1.0237
8.5511
0.1730
1.0432
0.6087
1.0885
1.3160
0.8230
0.9121
1.9647
0.9413
0.6304
0.6303
1.7360
0.6295
2.0593
1.4566
0.6785
0.5385
2.3799
1.0463
2.8284
1.3532
0.0924
1.0743
5.5189
2.4468
0.0850
12.5804
0.1181
2.2847
0.2335
0.9901
1.2263
1.2972
1.8448
1.4028
0.9374
0.4129
1.3806
1.5970
0.3569
4.0462
0.2235
1.7391
0.6510
1.7770
0.5514
2.0756
0.7142
0.5973
0.8964
1.4778
0.7279
2.0534
2.6934
0.2723
1.4621
0.4427
3.1752
0.9407
1.4302
2.7290
0.6008
1.3880
0.1310
4.7115
0.2905
0.9823
1.3689
0.4166
1.5219
2.8536
1.9325
0.3231
1.0320
1.8463
0.2167
4.9873
0.5152
3.0440
0.4570
2.5652
0.7333
0.2860
0.5025
2.9305
0.7803
0.6369
5.1538
0.3975
1.6394
0.2367
6.7544
0.1673
21.7338
0.0614
16.1342
0.1201
0.3288
2.3165
0.6478
0.8398
1.5805
7.5188
0.0607
0.9076
6.5345
0.4339
0.4009
1.0357
1.4740
0.5572
1.0582
0.9745
3.2505
0.3728
1.8668
1.6074
0.6996
1.1634
1.4949
0.3192
1.4275
2.5468
0.9576
0.4339
1.1185
0.8061
4.6302
0.2570
1.9066
0.3768
1.6500
0.4750
3.0573
0.2855
1.0650
1.5187
4.0483
0.2965
1.9146
0.8027
1.6249
0.6084
1.1356
1.3609
0.6094
0.9564
0.3289
1.7752
0.5524
3.6528
9.4546
0.0374
1.6696
1.5688
0.3881
2.2864
0.5250
0.8929
1.9958
1.0678
1.9327
0.9077
0.5252
0.4516
8.9578
0.2698
0.3814
1.2226
1.8196
0.8199
1.9819
2.5472
0.1402
4.0245
0.2549
1.9386
1.8920
0.2959
0.8097
2.4502
0.8815
0.5707
0.8441
1.9131
1.3819
0.2725
3.4690
0.2912
1.8995
0.7884
1.8135
3.0355
0.4895
1.2059
0.4355
0.7370
1.4294
2.9880
0.2009
0.7680
1.0080
1.6967
0.7284
1.2751
3.3186
0.2217
1.7109
0.6359
0.8358
3.2208
1.8564
0.1801
0.9149
20.8067
0.1006
0.8042
1.2952
0.9818
0.6428
0.6945
4.0614
2.0591
0.1789
0.8419
1.0214
1.8070
0.6159
3.5680
0.4297
0.5536
1856.1397
0.0006
2.1470
0.3953
1.9920
1.1865
0.6057
0.5811
3.0094
0.3638
1.0720
4.7961
0.4850
7.5836
0.0800
1.5378
1.1440
0.3571
2.3935
0.4288
3.9810
0.4219
1.0132
0.6236
2.1412
0.4866
2.3838
0.7597
0.7047
12.5918
0.6943
0.7477
0.2101
2.3692
1.5724
0.1392
1.7011
0.6783
1.2805
1.0303
2.7915
0.3410
1.3501
4.7842
0.0982
1.0717
2.2413
0.4310
2.5292
0.4745
2.5912
0.4183
1.4182
0.5547
1.6155
1.8356
0.5881
3.2591
0.6200
1.0392
0.5851
34.0154
0.0269
3.9900
0.1277
6.9221
0.4003
0.5048
6.8088
0.1261
1.5399
1.5477
1.0385
0.5253
1.1579
0.5915
1.0709
3.1572
0.2652
1.1447
0.9426
1.0786
12.5463
0.2655
0.6970
0.3706
1.1237
4.4983
0.2067
1.7669
0.5748
2.1117
0.8307
3.1964
1.4418
0.1645
2.6077
0.3477
1.5870
3.0186
0.7634
0.6873
0.3447
2.9305
0.4945
0.6552
1.2059
1.1544
0.7650
2.7361
0.4338
3.7696
0.5314
2.7698
0.4629
1.4559
2.7073
13.7751
0.0545
0.1047
1.2978
1.0725
1.0156
5.3175
0.2647
0.8545
1.7013
1.7120
0.6313
0.6234
0.9213
0.7721
0.6937
4.4801
0.7003
2.0730
0.3871
0.4037
2.3918
2.2638
0.8967
1.0189
20.9290
0.0551
0.2536
0.9760
4.1565
5.5744
0.1606
4.3428
0.1294
28.5875
0.0193
2.4404
2.8122
0.4141
0.4841
0.7390
0.6569
18.8140
0.0596
3.6004
0.2670
12.6220
0.0942
2.5756
0.6334
0.4303
69.9190
0.0732
0.7310
0.3987
0.9438
0.8277
3.0512
0.3795
3.5758
0.4824
0.6524
0.9398
6.8959
0.5061
0.3068
6.9744
1.3459
0.2923
0.2382
4.1520
1.2949
0.5446
0.3849
3.5107
1.1582
0.2751
1.0216
5.6461
0.1807
1.3011
1.0754
1.2936
0.5222
0.8945
2.5418
0.5428
1.1621
0.6689
1.6063
3.9409
0.2309
1.2625
0.4512
3.1020
0.5954
0.8621
17.3918
0.0395
3.7910
0.2571
2.5566
0.4610
1.0993
5.9679
0.2942
1.3474
1.2322
0.8633
0.9895
3.3667
0.8261
0.2884
0.6483
4.9794
0.2002
0.6406
5.6371
0.5561
1.2077
0.2974
5.2114
0.3327
0.4871
13.8051
1.0167
0.1311
0.7966
3.1268
0.2289
1.1618
3.1369
0.3502
0.8076
8.1325
0.1350
0.9810
1.6806
1.6244
0.6399
1.1198
0.4446
2.3602
0.3843
2.2903
0.7877
10.6082
0.1829
0.9417
0.3068
1.3295
1.2697
1.7048
1.2141
25.2335
0.0639
0.2598
0.7741
1.8959
0.4580
1.1177
10.2423
0.2262
0.7406
0.5645
1.1161
6.7341
0.1528
1.9440
9.7657
0.0426
4.8248
0.6933
0.3440
0.9510
1.8785
2.2643
3.4086
7.1867
0.0159
2.9199
