84.5370
69.8146
57.4149
58.2035
89.0293
116.8853
70.0395
48.9184
67.5424
37.4183
54.2708
51.4520
24.0058
26.2291
18.0947
38.4044
60.1795
41.0812
62.6574
68.3328
26.9540
25.4416
29.9135
79.7680
67.5065
28.2697
62.9373
69.8048
82.9522
84.2683
84.4593
103.7220
57.5680
29.2238
32.9995
61.3656
53.6622
11.1513
15.8837
17.9788
29.4757
36.0127
43.2799
52.8362
38.5529
63.4618
92.2286
92.1190
61.0494
59.5026
75.4693
33.7380
19.9853
21.8848
8.1100
41.8725
85.3950
82.6594
59.6624
71.1333
110.3317
71.7888
72.6803
65.6183
21.2965
52.8062
75.8759
94.4569
101.3151
97.4859
72.4387
62.9914
80.4062
76.3255
82.3388
81.4192
46.0049
67.8002
110.9922
76.8553
27.8292
69.8360
79.4677
54.7668
85.9237
100.5679
97.7217
104.2793
117.3527
87.7959
90.7982
61.7600
2.5199
41.7604
62.9831
81.5689
60.5077
60.0201
76.7225
68.5833
85.7177
81.9175
82.3610
77.5101
85.4673
57.1777
31.4040
19.0163
4.6718
56.5941
110.5547
113.0152
99.3183
44.4829
27.3246
85.5439
107.2628
93.6561
59.5135
64.0627
67.0291
46.3613
51.4444
72.5973
93.6648
66.3099
70.8375
88.7497
58.1535
80.8713
110.4019
104.5501
93.5493
89.2577
97.2030
44.2027
12.9279
14.0907
56.2664
57.6067
53.6656
89.8784
40.0527
48.9156
86.1283
89.8128
98.2859
47.9103
54.2616
108.8204
110.1920
73.8826
33.2462
67.9797
117.9877
80.9893
18.4351
11.0369
44.3682
38.5106
41.0898
54.7422
23.0899
34.8879
58.8964
57.6329
58.8981
35.5981
53.4562
97.0639
102.5850
59.7132
15.8778
20.7121
32.3415
74.2446
116.0706
64.2047
52.3008
108.4271
99.0198
70.3870
68.8662
104.2030
107.6003
92.7694
93.3232
63.7863
51.3782
40.5275
21.0581
67.7428
103.9281
52.7349
44.1863
73.3134
76.7929
95.8121
103.1562
92.5701
82.3598
62.3404
44.0378
65.1501
67.4639
59.5551
39.0846
12.5877
13.2252
68.6238
107.8041
48.9475
28.5189
61.4484
54.4480
74.1572
80.0716
57.6830
36.4279
38.4695
59.8838
49.5172
52.8764
78.5511
99.8798
105.7264
115.1142
118.5313
120.6868
111.0103
56.2668
5.2462
29.3547
58.0209
75.2659
98.7940
55.5805
52.8428
60.6686
64.5029
117.9271
77.2166
43.0449
64.9442
43.3184
49.5553
41.8606
26.5836
66.5046
66.6830
29.3587
62.6823
108.8148
80.0659
86.3401
102.3649
106.5509
107.5065
76.0688
89.0332
90.0101
65.6041
40.1460
3.5803
45.2178
87.5815
106.1423
110.7136
94.3034
94.4546
65.9240
30.3383
15.3232
57.1451
94.3462
47.2322
61.0001
116.9804
123.7848
97.0789
89.9397
63.0453
65.2443
78.4934
35.9943
28.3240
16.7966
40.8414
84.9258
69.7857
34.4747
24.7543
29.4942
63.0098
90.7562
96.9236
56.1160
4.1560
3.2143
32.4270
74.0592
74.3407
78.3279
71.7687
62.9638
73.7422
58.8059
55.2407
87.1998
92.7631
41.6338
53.5371
72.0642
40.6892
56.5848
102.0448
84.4362
35.3557
63.5705
100.3194
86.3329
63.9092
67.4301
77.0602
39.5307
59.3760
83.4933
58.4600
39.1951
49.1778
49.1544
34.0645
47.0694
64.2465
87.8680
80.4821
40.8060
43.8071
51.0783
63.4074
69.3504
75.3947
69.6748
22.9863
16.9888
16.2398
43.4208
57.7937
39.2423
27.8167
21.7796
25.2168
68.5190
68.2638
53.9756
41.3189
11.1724
40.2310
43.4247
12.6132
64.9322
104.6909
76.1427
36.5267
64.0558
102.7936
46.3838
28.6185
60.9662
42.4147
32.2367
56.8445
49.7464
56.1417
71.1950
98.1620
89.1197
77.0676
64.7872
58.8103
95.3186
75.4312
49.8303
41.5688
62.0386
79.5054
80.0361
74.4844
43.5146
43.9376
53.9697
78.3683
110.0958
76.9304
52.7467
34.2910
43.9238
68.0960
49.6137
83.0653
90.4293
51.5209
25.6147
23.8896
45.0566
56.8639
34.3463
65.8369
95.2258
83.8398
113.6172
88.2960
48.4549
49.2064
48.8817
85.9348
101.6735
81.1084
71.9857
30.1542
49.8886
54.7808
44.9127
83.0941
77.4831
48.9394
58.3435
83.5441
79.0973
87.0308
99.8570
63.1787
12.5965
32.2152
66.2186
74.5998
42.1735
30.7994
30.6183
40.4754
67.6267
58.1366
35.5553
50.8935
70.6060
36.1114
51.9812
72.3899
43.1195
17.5421
68.8187
116.2398
65.4180
26.2555
65.5760
94.9373
103.5767
88.2094
38.8616
60.0489
58.9287
56.2072
56.1215
18.5848
58.9753
103.9852
75.1295
50.8918
36.1035
49.6402
74.3484
47.5499
72.0454
82.4983
45.3510
38.1129
66.0425
49.9390
8.4067
13.6168
9.0971
10.5840
55.4089
94.9815
89.3329
59.8737
81.3779
94.4650
49.3904
80.2554
100.0969
38.7451
55.8139
72.9052
46.2208
45.4721
61.7926
101.7953
71.1753
47.2846
63.7360
29.4096
6.0487
38.6467
80.3455
52.9515
65.9812
94.5541
79.2003
56.4034
12.4019
60.0438
80.9898
29.4013
36.4316
63.2636
70.3913
77.0518
102.3809
80.2254
29.5006
30.2621
76.3893
63.1512
49.7097
83.0921
46.4592
55.4441
58.1438
66.3632
104.8650
90.1620
49.4827
16.2719
34.5369
59.0337
56.6428
84.2355
84.1692
60.0318
95.7929
99.7378
53.7521
73.5161
101.5553
80.1989
96.7683
96.8683
59.5497
24.2998
41.2486
75.5055
91.4528
59.0391
59.5330
70.3541
43.7864
44.0418
45.5751
82.8891
93.4782
73.4565
38.3521
32.4866
91.9129
77.3248
67.4022
93.9615
44.4747
63.3432
108.1147
66.3998
39.9222
86.0408
103.4354
42.7937
5.7685
61.2368
107.6933
87.3499
87.0551
89.7758
64.1760
55.2769
92.3497
85.5755
28.1330
53.0197
101.3650
61.4964
23.2537
13.1033
57.0851
76.9762
66.7163
109.2406
120.0736
104.2748
69.3584
62.0425
67.7753
70.8619
104.8025
78.8579
58.6729
101.3653
87.6769
81.3082
96.7894
94.9163
103.3567
112.2942
121.2456
73.7865
67.1380
71.8875
60.2008
71.5593
39.0259
22.5686
20.2995
45.1686
69.9113
95.0745
110.7782
80.9744
81.7949
102.6967
109.5579
65.3721
16.7696
60.4908
53.8686
64.2655
89.7769
49.0578
68.8870
108.2203
117.1805
91.7805
52.8361
29.8665
23.7387
18.1094
35.7232
63.4549
41.3188
22.7971
66.8449
51.1876
21.6400
22.1793
6.4305
52.3295
49.4844
63.8256
76.6079
17.3905
63.4356
78.4362
75.8045
116.3176
93.0184
66.8844
57.4066
84.8576
92.1255
57.1878
76.8679
75.4486
84.5137
102.5706
60.2954
44.7372
72.5319
77.5059
46.1700
76.6938
80.0462
41.2022
60.2804
74.0813
75.5769
67.6605
67.5831
73.3750
34.6710
10.2595
73.6327
92.7392
73.5178
64.7417
25.2131
42.1062
56.3771
27.4159
33.3767
39.4535
54.5821
65.1085
44.8168
41.5856
27.5090
68.5362
86.4899
43.3244
52.9461
50.3839
47.3525
61.6468
38.7668
66.0989
64.2202
68.5798
111.4919
70.3278
31.4299
25.0997
27.6180
46.4330
50.0616
23.2550
62.5278
113.6791
114.5210
94.4611
40.2312
26.8847
35.1772
18.1655
57.7488
56.4660
70.0744
68.3190
65.2935
106.5922
71.9913
58.9104
64.3239
64.0455
68.4593
39.2224
23.8152
50.4182
81.6200
105.9158
88.5006
42.3289
58.3723
76.1972
43.2109
72.5169
55.6920
51.1033
98.3036
103.0361
93.2561
40.3714
60.1813
61.9024
52.3180
93.0521
99.5756
84.8148
49.9956
31.1271
14.2476
48.0099
54.2171
64.8901
63.3666
7.9918
22.0528
79.8148
66.6753
17.6681
44.3495
68.0067
56.6943
61.0373
47.1691
35.0529
45.5768
52.8517
84.1813
70.8613
44.2595
55.1430
32.7345
59.1932
111.5885
95.4891
75.8196
58.3932
47.2567
28.0703
58.8561
80.1612
30.0354
47.7827
52.2576
72.8412
114.0602
50.5281
20.7069
26.4215
53.6192
109.4468
98.8099
71.0143
44.8585
22.9281
43.9342
38.0201
38.1570
57.1079
65.4144
86.8527
74.9466
38.1710
18.3106
15.1481
64.8440
118.4538
72.4115
20.1882
32.0758
72.6108
105.7919
93.2223
87.4257
59.9289
48.3311
66.0207
70.3625
63.7103
44.4366
29.1857
13.3919
27.6678
19.0481
25.7131
49.7337
79.7175
95.5617
84.8143
92.9397
97.7730
99.9629
65.6161
74.3492
114.1116
92.6922
83.5972
93.3473
100.1920
56.9717
22.9013
44.5023
53.4208
46.1297
63.8109
106.6108
90.6177
34.3816
61.9073
58.5207
20.5011
41.2071
35.1911
43.4511
37.0858
27.9544
45.2671
51.4129
30.0215
40.1691
71.8309
33.5883
44.4437
65.2283
55.3740
85.0906
77.2329
74.7588
84.9143
69.5290
57.1121
54.5902
48.6099
52.1509
46.7158
61.4940
72.1059
40.2410
37.6388
22.5308
39.3494
84.3816
109.5816
94.8585
84.3269
82.8867
61.7557
73.0543
82.5300
45.9920
6.3383
17.7557
20.5584
30.7815
32.2960
64.1860
63.6508
49.2646
76.9750
34.4860
65.0610
92.5215
89.1811
107.2090
92.0594
65.1940
32.8777
33.3824
60.9749
67.9033
54.9545
62.5097
50.9142
34.1946
44.4458
57.6602
85.3069
105.2736
115.7368
93.1571
50.5177
57.0807
80.2066
63.0887
41.4674
59.7158
52.3338
54.4987
84.6249
55.2683
23.1450
73.3427
79.1688
58.0203
70.8086
76.3532
80.5430
81.6059
68.9323
63.7568
90.8579
91.2762
101.5286
86.4880
33.3632
22.4620
63.6339
98.7712
60.1770
27.3250
74.4859
63.0771
10.0324
38.5963
92.3175
96.9595
69.8084
80.4990
105.7208
71.9345
24.7580
57.1421
65.2240
40.2085
70.7826
48.9697
17.5494
29.7223
14.8625
59.4156
99.2530
54.2082
74.0860
95.5069
87.4651
90.8734
49.2037
53.7901
75.7225
57.1340
53.3238
52.8029
66.6120
100.7700
79.0171
76.4991
108.5645
97.4205
104.5292
71.8439
35.5664
43.6623
44.2873
33.2899
21.6463
23.3084
12.5439
15.5977
50.0527
61.4678
32.7641
59.6552
73.2484
35.7746
68.9986
114.5408
77.8933
21.0408
4.7533
22.8682
51.8840
70.1878
75.5240
59.1905
38.6960
18.6856
64.0189
119.0349
105.7980
76.2575
36.9602
15.9318
30.7416
67.1794
49.0728
53.7537
112.0411
93.3428
68.1180
90.3065
74.7621
23.4843
50.3105
55.6090
36.0810
46.4719
48.3804
38.0068
34.6611
68.9882
67.7112
64.8455
41.2510
19.4332
39.6691
36.8635
59.5092
51.1382
58.3867
84.5427
42.3826
30.3968
50.5023
94.9740
121.0813
69.8994
16.0624
54.0072
95.2456
59.0400
18.8218
47.0059
70.7538
50.1132
29.8539
50.8948
98.6090
111.7562
94.7184
91.9441
54.3444
29.3659
56.4087
44.1259
76.9549
120.5892
64.2348
48.7630
94.7015
57.3510
47.7406
105.3150
90.9328
77.8571
96.4424
55.5500
70.6288
106.1796
87.1087
86.6375
86.4438
55.1247
35.0771
32.8301
55.7380
105.1667
74.5091
28.3039
39.1041
50.0386
73.9954
74.4136
52.3446
59.1459
89.8256
87.0991
93.5764
70.1036
42.8595
62.5619
40.1755
72.0427
107.5281
76.5975
55.6022
48.3944
39.6457
58.4050
89.2603
84.2508
72.1604
59.0962
23.4386
19.6107
34.4136
68.2138
111.1421
90.9225
40.5147
56.1914
97.9010
69.4063
72.4097
99.8629
59.5965
48.1265
69.3933
86.6857
96.3656
47.4682
4.4403
30.7688
49.3965
56.2490
68.0568
85.7257
54.1612
27.9392
44.2720
77.0915
80.0343
80.6614
65.3988
45.3270
70.4741
66.8022
73.7615
70.2472
67.7664
84.8340
69.4017
50.3154
36.2752
34.9428
81.0565
87.2558
59.4379
26.0640
5.8755
11.9986
71.9298
114.0880
99.3113
83.1019
84.0123
87.4903
51.8999
28.3490
75.7077
124.5873
86.4928
46.1293
31.4423
39.1640
66.4906
45.3066
58.9425
112.5587
114.7590
84.7771
40.9740
59.2375
82.8398
47.7147
22.0422
60.7954
97.0404
47.2022
49.4252
104.1331
106.7516
85.1943
62.2263
58.9251
82.9153
74.1945
36.6443
12.3317
47.7446
55.0188
43.2896
56.3370
72.7346
70.5543
21.9396
29.2971
71.8488
99.2829
80.4704
55.1167
63.1403
71.5908
40.8918
3.7518
11.1932
50.0381
82.0947
56.5112
40.0514
77.8389
82.2966
58.3912
35.1149
47.2084
87.1383
80.3313
41.3792
12.1013
67.1168
81.7850
57.6565
93.6041
76.3055
52.1701
46.6461
21.8297
13.7197
48.9017
49.0078
47.1446
61.5032
85.1040
79.1983
73.5731
77.4918
56.9489
53.5435
59.3211
82.0972
93.7117
102.5632
113.2096
96.1859
34.2035
6.3853
12.4830
18.2315
34.2493
82.0125
77.4333
54.2885
70.4111
94.6384
81.0494
68.6173
58.4783
30.3858
21.9736
66.9928
97.0665
33.6665
43.7449
91.2006
79.4869
93.9249
125.8579
74.0370
51.8430
77.0140
80.2813
46.4202
64.0570
89.2426
39.9226
60.9052
57.2364
41.7816
86.3233
88.9708
34.8741
12.4037
48.6408
79.5884
52.8565
72.4201
92.1611
32.9186
12.9031
18.7372
25.2426
31.4289
55.7724
63.1240
35.6866
54.6730
74.9188
84.8841
67.9248
73.0891
68.7036
41.8589
84.7209
112.0336
93.1854
86.1784
88.8380
76.2528
95.4086
101.0731
81.6516
68.1422
35.8567
63.2562
67.2563
33.5439
44.5808
28.5106
71.6663
126.4847
103.9086
69.8761
36.7268
42.7310
54.1541
53.4816
62.4574
32.7437
66.9027
123.8444
80.0856
54.8847
84.4862
83.4881
60.1190
86.9540
91.2454
37.6547
41.5293
41.0648
16.3665
25.5459
70.0703
55.4695
50.8707
104.5166
117.5064
74.7337
75.8721
110.9605
89.4430
104.0119
76.7739
70.5486
94.7908
100.2174
114.6827
105.8571
55.7816
54.1811
51.6899
63.5805
123.0657
82.5585
25.3788
65.9417
91.3135
49.2814
39.3754
33.1560
31.0353
44.9474
85.0842
80.3171
56.1551
68.5973
50.7190
61.0764
102.7635
62.2426
15.1793
64.8440
66.9684
57.5083
84.6392
80.6393
86.4100
91.6312
104.2443
119.3016
112.9268
99.6060
80.8383
47.1286
78.2103
119.6337
62.7390
64.7107
104.9789
84.9958
90.2816
83.1143
78.1310
59.6333
19.2996
22.1248
26.1238
18.0227
36.6646
48.8657
55.5084
50.8522
69.0786
77.6934
35.7139
45.5458
43.6727
32.1920
38.1554
77.7123
91.3522
62.9244
90.4064
118.7043
66.5297
66.9412
98.0192
50.9927
17.2090
23.1043
74.2309
103.1976
82.5112
89.4379
64.2598
69.7354
85.5809
33.0818
18.0240
9.7360
42.9524
101.2420
81.6099
69.5068
63.4904
55.7509
72.5688
72.3392
46.9769
69.2452
104.4882
52.0904
27.5725
64.8309
86.7889
51.8588
38.6839
29.3165
28.4558
71.2102
75.4764
42.5862
59.7386
101.3315
117.5486
93.2214
64.0262
48.8008
31.8675
79.5316
90.5893
73.0851
63.1438
18.5099
43.1522
70.0112
37.2569
63.1660
104.7737
97.4505
52.0077
49.4440
58.7379
34.4677
30.8737
14.3983
57.8832
71.3887
30.7969
62.8602
51.4110
15.0735
40.6683
73.1106
95.4606
103.8801
67.7484
28.6344
38.5603
37.8269
60.2366
59.5955
21.5352
65.1578
91.4749
52.8592
79.7188
100.8394
77.5256
70.0708
42.0600
67.0856
105.4365
112.4594
83.8701
35.8620
63.8279
104.4979
58.6450
58.6029
103.0272
93.9660
94.6122
102.6932
72.2711
39.9661
54.6456
43.3484
65.5037
69.9311
38.1284
61.7825
69.8190
61.1128
72.5079
47.5486
46.8817
93.7557
92.0741
46.7550
13.5099
14.9350
37.9529
73.0297
59.0859
32.2981
27.3675
35.5228
34.0753
71.8066
94.1696
35.5136
24.1627
22.4724
31.2995
70.9812
89.3319
72.8026
46.5337
43.2118
62.6142
62.1280
31.8402
28.2289
26.3467
50.0230
43.2330
63.3077
97.6003
39.6237
38.7154
45.8107
41.1139
87.7426
63.3937
10.2439
6.8342
5.5233
24.0199
72.2760
75.4729
26.5275
31.0194
87.0528
111.9368
79.7351
46.9793
69.7280
112.6514
99.9820
50.6295
20.3169
58.8472
78.9113
85.2955
97.6042
62.5883
58.9928
49.7897
73.1939
116.9713
120.0839
124.7033
113.5774
77.7639
88.6476
95.1237
78.7506
86.3564
78.0211
50.1121
53.7190
63.6439
54.8020
91.3333
94.3841
53.7903
68.3442
50.4918
13.1411
51.0624
82.2916
65.1679
35.3371
29.4075
29.6116
21.1299
47.7331
82.3569
68.8757
88.7499
124.4308
94.7131
88.9691
83.2427
89.3721
93.7902
58.4648
79.7120
82.9172
35.2966
45.3003
89.8099
96.8956
62.4742
44.1573
36.9737
35.9502
36.1229
10.8209
3.0811
34.4067
85.7818
80.7338
71.2333
100.5029
65.8658
57.9028
86.2476
53.8525
57.2784
90.6949
54.5879
37.3569
79.9122
70.1074
33.4248
51.2520
84.4427
70.1925
85.4184
114.9250
116.7269
106.3723
76.4902
78.3382
85.6039
70.7337
61.2369
75.3236
60.7314
70.5197
91.6971
67.1848
39.2832
63.7210
99.9808
63.2629
57.3264
98.8088
91.8338
74.1000
73.6213
67.9100
42.6138
14.1473
46.3362
40.2467
10.0378
16.2192
58.6663
93.5670
56.2881
34.4686
34.2808
31.0228
39.4390
78.7407
123.1915
97.7449
78.3195
74.8619
51.3799
53.1459
71.1321
40.9607
37.3828
84.8058
61.0189
43.4698
37.4553
41.1169
61.8297
32.0204
45.7832
73.3020
59.4540
34.5946
71.7383
92.8632
46.2186
69.1506
83.7952
36.0531
49.1438
61.9245
67.7878
59.5049
65.1169
55.5344
7.7047
24.3504
27.1830
15.2841
22.0998
41.3412
24.9900
53.8448
91.9632
101.7948
101.0526
74.5670
97.4066
66.2977
59.5919
68.9787
32.2889
41.6618
37.8955
26.4291
35.7478
59.4187
75.9796
45.8881
18.5186
14.3826
42.0177
81.7184
57.3705
25.3436
40.8487
53.5054
32.2211
72.4272
63.8718
37.4295
84.1012
66.8183
54.1217
82.4955
52.9418
21.6760
52.7442
76.0580
81.3908
89.7243
80.9044
89.1990
93.8124
82.2960
63.9574
56.9992
59.8614
40.0175
65.6356
88.3085
47.0583
30.7133
27.6135
51.6790
85.3238
93.6953
113.2900
69.8122
64.0860
51.3451
2.1775
54.7124
83.0945
80.2233
83.1183
95.3128
103.3181
50.4726
54.4154
89.8713
54.2177
27.3651
48.1578
75.1334
91.5562
82.0085
91.8619
88.0852
44.2377
73.4620
84.8374
68.3359
56.6042
71.0943
62.9856
44.6893
103.6161
79.5030
78.8144
91.9161
84.0012
64.6850
44.2667
78.3380
48.6388
63.6605
64.6657
53.5373
104.5980
95.6364
66.8121
53.9424
74.7316
69.0537
40.4963
80.5363
105.1009
100.0373
82.5083
79.4224
63.9182
64.9802
82.1823
59.7309
70.8469
47.0499
61.2431
66.6027
44.6605
52.9328
79.0588
76.3487
32.2119
75.9418
92.3856
71.0351
52.9532
18.7158
58.9967
62.1583
72.4458
83.2162
20.5252
6.0227
64.9437
77.7213
67.2065
66.0858
42.2171
64.0897
101.2639
114.0736
93.9942
63.9955
62.5462
100.9298
75.9258
35.6366
75.5480
67.8923
32.6018
76.7478
94.2997
90.3967
102.3687
108.8538
62.2615
18.4627
32.4478
40.2708
33.0615
12.2458
12.3376
22.3581
26.2719
35.1174
37.4334
22.6486
61.5414
100.9906
48.6324
31.4729
64.3416
48.1546
45.6126
51.3029
42.1248
84.7066
107.7831
51.8163
43.4539
71.6784
56.1949
27.0736
49.4459
56.6184
25.2066
54.6090
49.4975
66.1546
94.5031
63.3899
73.0923
57.1099
64.9305
55.9085
10.0321
69.0461
95.3314
74.3078
87.6118
86.2368
82.0174
66.5358
51.8371
42.1797
47.2189
49.0171
45.0881
89.6666
73.9354
55.8378
96.0596
98.0287
52.4068
36.4311
40.0348
26.7741
74.5926
83.9356
63.3723
59.6091
77.2183
115.8595
76.8199
67.2389
60.9488
59.3071
100.6941
63.3041
68.6644
109.0385
79.3386
70.4522
47.7600
35.2432
49.7218
76.5011
100.9791
107.0871
114.9342
54.2379
49.6810
105.0044
61.6673
68.4610
81.6170
60.8569
71.7437
76.8682
49.3111
57.7077
94.2380
101.0893
109.7479
71.4598
54.2172
67.5926
45.5781
58.6822
69.0238
56.9467
56.3719
58.1011
82.5728
51.7061
24.0720
54.4285
88.9466
106.3493
98.2825
78.6291
51.5728
14.7181
1.9807
39.2120
66.4978
83.6838
56.2190
11.1834
41.9927
42.3622
59.4883
99.7223
98.3927
84.9882
52.7632
33.6349
41.1465
81.9868
77.4117
79.4756
119.1720
92.7939
87.2856
60.2144
56.1603
67.0542
62.4651
83.0454
55.8510
39.7527
49.7025
62.7375
52.0259
37.0010
70.2392
62.3459
75.8701
105.5937
95.2423
54.6308
16.6488
18.7687
41.8386
90.9179
85.7624
64.2303
47.2195
24.3294
24.7079
53.0015
60.3373
69.0782
75.2620
72.3958
46.5346
35.9486
37.5714
13.2837
17.4492
15.1876
40.3140
53.0105
53.4144
83.9717
86.4318
51.5919
69.2261
72.6262
59.8286
49.4144
48.4719
105.3687
66.1374
65.3335
123.7522
113.1176
63.2432
53.3852
65.3401
71.7612
83.8899
61.6939
58.1079
35.8676
15.8837
55.4083
78.6715
40.2717
36.1609
30.5114
45.6137
65.0112
24.8027
20.9679
47.2848
57.4058
60.9348
42.4351
63.3373
99.5564
74.0045
32.6714
63.0786
108.9902
51.4524
46.3366
84.4554
58.0787
46.7479
83.0153
101.5451
93.0720
46.8026
6.2165
44.1598
70.9276
75.2695
70.6797
79.6273
82.1221
58.0484
83.9042
61.3155
13.2140
49.8535
105.4314
112.2189
98.2517
70.5114
66.6390
85.5907
44.1550
34.0276
88.1324
61.9929
8.7460
54.0253
100.2525
63.0992
35.4013
69.9359
75.0618
36.7143
65.2721
67.3544
63.8908
98.5684
55.2753
36.0331
82.8836
74.1195
69.4228
112.8798
117.0465
60.8732
49.2011
57.5943
23.1983
40.0792
67.2923
85.1651
100.9190
103.4518
54.4808
43.8113
73.5736
72.1792
45.9650
34.5476
59.4539
58.8133
89.2350
106.9715
63.2830
69.9912
88.0982
88.8939
70.3454
47.5894
47.3120
77.2986
115.0822
114.1469
92.4502
53.8395
68.5840
74.7498
54.6260
38.3455
59.8535
91.0516
90.8286
72.2062
51.3252
60.4232
56.8766
79.9283
105.7301
62.3114
42.9291
39.4553
61.5667
107.1496
68.4089
50.9932
98.9723
122.9117
92.2787
79.4043
64.4368
19.7312
64.5080
87.2262
56.2416
39.2196
18.3597
51.2256
49.6557
52.7124
56.1547
63.5301
95.2567
87.5932
85.6948
42.1089
49.7684
100.0912
111.0182
67.1993
15.6723
49.9335
59.3725
37.3321
58.2796
95.8324
61.0748
43.2341
78.5757
46.3703
26.0917
61.6485
105.4514
91.9826
73.4334
66.5285
26.1401
59.0983
85.6983
78.3450
58.0026
34.2939
84.3044
117.9824
91.5264
42.7771
48.2743
84.0854
87.3338
47.1957
45.4452
70.2263
86.5732
111.4954
61.9613
68.6213
110.2969
67.2668
78.5721
62.2571
15.1842
39.1419
76.9066
89.6109
66.5966
54.6209
59.0402
36.2313
57.0832
110.7653
75.6085
77.6806
120.6532
81.3395
64.4320
59.5197
30.5665
75.6744
98.5570
96.9014
89.3703
87.7732
98.4450
61.3060
35.5319
68.2392
63.9307
21.8725
45.7834
96.7237
89.3770
63.1724
49.0659
15.3794
16.3602
41.6651
88.2594
66.3153
6.8605
17.4893
27.8590
30.5153
47.1366
63.9495
95.5995
110.9786
92.3638
79.3595
91.5673
68.3660
51.6621
53.4468
64.7416
99.3041
98.7854
67.9398
82.2580
83.0408
22.9312
21.9900
50.6792
51.9100
64.0795
106.6388
121.9741
112.5671
63.8580
25.2129
51.2708
59.1146
82.0777
62.4065
61.9895
91.4514
48.1717
62.8198
89.4409
54.1616
44.2284
33.7309
62.3173
86.9563
78.7933
111.8165
105.3276
92.1319
88.5749
73.6691
34.8974
30.4528
69.0920
53.5741
39.7517
75.1213
97.1554
52.9397
12.3472
30.5385
72.5580
107.7796
56.9592
11.8680
17.1699
20.8673
64.7795
60.2700
27.6605
77.1607
94.6487
88.4982
90.7494
88.5855
103.7055
65.2365
37.1218
62.2824
93.2807
94.2943
57.8836
32.3209
13.2977
22.4583
85.8698
91.9016
88.0327
75.6145
62.1208
79.5031
59.8966
35.4192
25.4923
33.0397
37.9722
56.8046
82.0771
86.5337
54.4697
75.4336
98.8942
96.6743
74.5125
64.5382
80.6698
49.6468
65.8443
106.4685
116.3776
94.3584
42.6651
16.9083
51.2388
94.8496
74.6980
36.0547
68.7172
65.8319
51.9799
42.6417
47.2645
81.0196
99.1551
88.4981
31.5129
60.5358
116.1093
110.9137
69.6186
43.1031
80.0560
65.3863
28.7656
54.9609
54.1816
22.5522
30.3400
44.1604
21.9689
52.1212
101.5875
99.8458
93.4336
108.6278
65.9963
7.5784
24.6664
56.9576
86.5451
109.4831
77.6012
38.8890
58.9661
75.1871
95.7452
116.7539
100.8962
64.0542
40.6231
77.6682
62.1027
56.7561
51.3411
38.7831
57.2751
72.5413
95.3511
93.7026
69.1677
22.7429
18.5880
22.0494
43.0300
66.0311
42.0363
50.4037
55.1497
41.8287
86.4483
74.9425
29.8895
29.5037
32.6507
81.0264
72.2171
55.2042
54.7049
55.7011
95.4832
97.3302
73.1209
67.5414
86.5850
46.0437
7.5929
19.0829
60.5154
58.9267
49.8651
66.3485
35.7606
16.9256
33.6748
48.3935
65.5174
61.1777
25.8502
62.5606
67.9713
35.2023
60.8946
86.4549
102.7992
93.0988
41.0407
42.2072
47.8679
64.1242
80.2112
52.1665
67.5924
50.3904
64.8645
112.8283
99.0853
98.2046
114.5501
105.9714
52.8228
48.1776
62.6611
25.2391
54.3491
51.1389
38.7985
63.4466
36.5839
45.6378
103.0009
83.3631
73.0518
97.8684
94.1812
91.0516
61.7081
41.6441
53.7131
56.6756
69.5528
95.6151
104.2791
103.8152
85.4456
67.4170
94.7687
85.5789
27.0861
16.1372
20.0393
26.5474
79.3649
80.4707
62.2479
42.7499
17.1991
61.1622
101.1328
118.8776
98.0402
83.9285
111.3192
70.8722
64.2553
94.7402
97.9202
67.6836
30.4008
33.2554
15.5103
14.8283
43.7968
41.9630
18.2740
65.4070
57.7977
24.6088
25.4230
12.3019
18.8414
65.0115
99.0912
81.3478
47.5102
72.1286
65.1203
51.8721
60.1066
25.7156
60.6999
58.0184
45.4369
45.3079
60.2970
53.5698
31.1035
80.9223
69.5116
41.0121
80.0126
60.6946
44.0305
83.5401
72.1408
80.0574
58.7170
38.2617
62.8430
53.7420
55.6766
94.1631
99.0014
97.1615
88.9016
61.0408
86.4238
63.9753
56.3256
51.3133
65.1277
105.7895
58.3042
47.8701
96.5395
122.2596
75.7277
72.9430
120.6828
82.0391
66.5065
104.8254
78.4053
23.6011
17.0748
60.2105
101.9506
107.2988
115.7899
116.2300
79.0438
73.0500
86.8982
40.6129
63.1401
70.3565
38.0297
90.8929
101.5746
45.9508
65.1485
119.4090
85.8426
47.8234
24.8745
26.8881
74.8106
58.3681
36.1595
52.0007
47.3758
72.0270
76.5846
41.4958
68.8234
98.9853
44.2120
55.8204
69.7723
76.9225
121.5159
124.2464
71.9119
17.7238
26.0454
74.3611
109.6809
71.0271
45.6360
71.2265
49.1871
32.5297
48.2097
43.0306
53.8206
94.3732
78.1625
26.9753
56.8297
85.3156
64.2785
25.9910
65.1762
88.3879
47.6778
46.6735
82.9190
108.4638
93.8924
50.4380
26.2303
51.4884
34.1473
19.1722
58.3586
50.3129
13.2691
25.1197
58.2621
53.1348
78.1190
120.2737
79.9464
65.7371
95.5339
73.3616
75.5594
107.9312
116.1324
125.2287
96.6337
37.6398
25.9318
54.0181
73.6464
84.3701
76.7237
62.1232
87.5181
122.6990
81.4938
32.5187
43.9668
69.1324
98.3243
103.5393
104.4021
90.4073
84.9124
76.9316
86.3415
100.7841
71.3169
36.3723
61.8842
96.9127
67.8524
58.5197
73.1666
65.8866
83.1348
121.3273
60.1857
16.6978
30.5724
37.1567
60.7849
43.4817
11.1384
14.5658
30.3353
58.6161
91.3466
76.7636
62.8682
96.1172
88.5716
72.8057
98.2784
103.6241
51.3087
57.9915
52.1552
22.2831
53.9976
87.3305
118.7510
112.1478
85.3643
82.2295
99.1436
87.1132
76.5971
60.6148
21.3243
30.3709
86.7847
82.6303
74.5505
69.9160
18.9470
13.3628
63.9148
97.5834
109.0152
64.5071
34.0542
78.4610
54.7442
58.9213
113.2158
78.3938
32.9993
45.1085
66.0719
98.4661
72.2114
59.6750
106.5210
71.5108
67.0945
59.4199
58.1011
110.8514
70.4831
25.9859
64.4876
82.6159
51.5935
69.5562
102.4353
90.9305
57.0582
33.6533
60.9050
84.7217
93.5538
70.3924
53.7597
101.0837
78.7981
17.5406
51.7840
72.0410
56.6404
90.5612
105.9693
100.8138
53.4785
15.2733
13.7402
41.6773
77.6701
66.8247
69.8612
54.6979
55.2489
105.3113
65.9919
5.2399
46.1723
79.6678
85.3607
88.0890
50.5031
21.3627
38.0867
35.4650
33.4618
63.5816
86.5535
73.9612
81.9419
94.4901
96.6865
108.0313
86.8887
38.8886
17.4120
18.2936
45.0447
92.0148
76.0636
64.1142
58.9218
24.9146
15.7602
71.7785
102.9411
100.9662
80.3550
57.0295
51.6492
43.6207
32.1130
19.8428
54.2468
49.3508
42.7303
70.0357
42.6975
63.0273
78.6611
39.0619
78.5054
71.9599
60.7607
84.1949
61.4865
58.4318
81.1277
52.4314
51.6546
56.2864
44.6058
65.8707
34.0618
9.3652
21.6966
42.6112
51.4723
64.2639
71.8222
55.2009
56.6064
67.8119
64.8539
59.8083
43.4685
28.1052
61.9426
68.8142
71.9455
109.7696
75.6346
78.6721
69.6979
40.5357
37.0808
35.7932
46.8676
23.9115
61.3363
114.0246
81.3894
42.1655
44.0505
87.2024
109.3439
98.6694
76.1623
65.3451
84.0874
77.2350
80.9335
99.5526
112.6884
72.5363
51.9837
99.2988
61.3199
52.1253
50.0395
11.4681
49.1846
91.9242
82.7772
83.5243
80.1223
64.5424
56.1392
60.5481
83.1050
97.2374
75.5072
29.2778
14.6265
55.4944
69.8826
37.0243
57.6146
80.1136
89.9895
95.0286
78.0136
89.8368
112.6564
105.8589
69.4313
40.0787
52.2448
74.9411
76.8022
72.1378
90.6017
112.5631
98.3054
93.7892
66.9820
40.5750
62.9186
77.1553
92.7552
100.4434
60.0166
42.8124
69.2720
59.4920
62.2313
68.8629
58.0203
63.6725
66.2902
58.2101
88.9307
104.6207
60.5481
48.2547
83.5066
74.7005
61.0726
55.2640
82.6647
76.8756
29.1272
65.3232
62.7846
56.5425
59.8397
33.4720
17.2702
12.5169
22.3331
39.7694
36.2471
18.3397
65.0684
58.1705
39.0928
43.2544
38.7600
39.6455
29.0608
37.1817
42.0570
57.9526
60.7713
41.5695
55.8885
76.1337
61.1011
50.1238
46.1238
71.9798
54.2944
63.4203
92.7399
83.8561
107.0860
63.5622
39.5189
50.1282
55.0295
96.1939
110.8047
79.8102
39.9786
20.1469
46.9150
42.2316
14.3623
39.7365
64.9058
88.6306
58.7693
36.9070
66.8759
79.6032
82.4698
47.0609
38.6704
78.5062
71.3776
85.0030
121.4943
112.1989
104.6082
114.2653
97.8822
47.5431
43.4932
76.9517
83.0370
77.7572
101.6772
64.5035
35.2678
65.2453
73.4941
87.8562
60.3353
70.5339
119.4026
70.0725
51.8673
82.1688
86.5671
109.4181
75.5988
36.6385
39.9772
78.4933
121.5232
84.3808
38.4310
51.3300
35.9912
35.4664
42.8427
29.9334
81.6753
106.1500
65.8867
20.9009
44.1829
75.4219
64.5807
39.8348
54.0527
84.6024
60.9270
60.0421
67.4451
66.6263
40.0590
32.9858
83.7145
96.7710
102.6024
81.7620
79.5314
98.4268
55.7753
44.0332
78.3617
77.2653
36.1816
27.4842
25.9144
66.5849
105.9843
93.7242
87.7518
68.7698
80.4781
96.2899
78.8697
42.3461
38.8423
93.8532
102.8502
53.6491
67.2376
78.3115
57.1166
78.7507
91.2772
47.6991
50.5865
88.8063
56.2957
18.2949
60.3534
91.3000
76.5954
94.9833
66.2812
32.9830
37.5959
30.0365
58.1968
52.4735
57.1610
76.4318
83.5586
111.9277
89.4446
87.8635
111.5923
100.3747
72.7477
94.0627
111.7676
101.1059
114.1598
78.1810
55.5250
75.1253
61.5889
76.1109
54.9653
61.7616
76.2724
65.2268
70.5741
30.5565
20.0990
32.0815
72.7198
88.3984
87.5800
98.3900
50.5371
27.9414
62.6175
68.7742
32.6773
64.2394
96.2687
91.1759
98.3276
50.3365
9.3782
40.1031
53.1959
74.2546
89.3864
88.8096
106.8113
99.8168
92.8304
63.2937
81.1590
73.7336
26.0487
66.6721
62.9203
53.1408
54.5235
27.5594
74.4056
66.9767
15.2494
60.8201
91.7576
61.6377
58.4177
51.4183
56.6284
80.9399
86.0022
90.6526
80.0296
91.3494
72.5555
71.2054
117.9831
105.7584
99.4020
79.1073
75.8589
79.7999
80.3148
110.9673
120.2321
119.5922
107.3977
76.7190
82.0889
96.7507
71.4138
35.2025
17.3262
21.6096
26.3140
59.6478
106.3851
106.6517
98.7112
111.3179
90.2970
97.4564
99.3030
53.7604
29.4052
19.0642
54.1532
100.7826
64.4424
31.7927
79.7578
99.4905
58.2003
22.2506
19.9498
29.9411
61.9152
67.4129
63.2849
42.3401
38.3640
87.1291
103.2225
88.9982
74.5266
71.9667
88.5584
68.3925
72.5953
86.9311
64.0775
89.7944
66.4780
50.3705
51.5059
54.0616
50.9725
60.9347
99.0707
95.0111
75.2417
45.4531
58.8803
71.3059
43.6329
39.8393
43.4821
54.3471
81.5895
71.9122
33.3025
61.2056
114.0108
119.2965
74.5902
75.1332
68.4841
33.2550
39.4476
41.0772
53.8314
89.6793
94.4983
88.1091
84.5343
36.3879
12.2631
54.5163
61.9554
53.7262
82.0853
79.3570
88.4121
70.9954
40.0237
50.8519
80.8427
113.0518
67.5397
32.4263
58.3350
58.0040
82.4027
67.1438
49.1334
62.1827
85.5368
108.8190
93.6409
78.2076
34.2421
11.2538
19.0856
63.3026
70.2422
44.5377
29.6936
39.0318
100.6720
82.0315
29.6719
42.9469
50.6830
81.3449
72.8981
64.5271
103.1336
77.3774
91.8815
84.0121
83.3086
95.9374
73.8630
47.1628
20.9705
76.3828
119.2171
100.9219
71.5162
38.9074
61.6175
73.0400
57.9435
67.6829
93.4931
67.8893
13.1649
37.5696
56.0866
80.7741
65.6343
52.4907
93.1576
101.5008
113.1282
64.4827
30.7784
80.0185
83.4804
91.3320
88.4298
66.4355
57.0736
73.3574
105.2136
64.0702
28.2146
19.4562
29.0597
55.9463
73.8148
98.2338
77.1852
34.4535
66.0935
87.0366
52.9255
46.3013
41.3092
15.8384
63.2511
81.4897
44.9161
73.4435
93.4863
66.1133
36.0021
63.4656
85.9545
58.6198
59.3035
44.6486
49.9579
44.3765
15.6219
50.4526
41.4665
25.5238
46.4477
73.4256
55.9338
11.5788
55.6762
95.5246
99.9014
96.5985
54.8032
18.2311
20.5390
40.6820
81.8955
114.2170
112.4885
103.4410
70.9823
79.4921
75.3639
39.6075
66.5553
51.0630
6.3923
10.2695
34.5118
61.1106
75.8555
93.9122
80.9074
59.1472
62.9610
42.5186
57.4388
58.3343
52.5869
93.6305
57.8398
49.8764
72.5025
92.8525
98.2208
97.1557
95.1498
63.8480
69.4461
95.0398
80.7972
74.7692
105.8732
82.3009
62.6585
89.4765
56.4529
34.3936
59.9297
90.6313
80.0432
17.3806
9.1325
33.4105
50.4568
74.1232
91.3069
46.7611
20.1792
56.8993
85.0146
82.3391
86.9500
60.2211
62.1381
102.4073
89.5938
51.8451
17.5662
44.8352
51.3556
68.0895
107.2979
95.3570
74.9137
51.8853
29.9152
20.3671
26.3473
15.8204
48.1630
51.1474
18.3088
76.7664
114.4915
67.3530
60.0285
76.1156
42.2106
55.5390
57.1217
72.5701
76.7144
75.5572
81.4087
60.3998
63.3498
42.0269
30.4597
62.6141
96.5703
95.7237
86.9286
89.4698
54.1243
5.0881
65.4715
108.6215
90.4980
92.9207
94.4312
49.8982
45.2464
65.5899
39.9576
52.5344
48.0428
62.8440
66.8028
38.5525
61.7180
39.8468
61.3370
103.5917
103.1210
111.4215
60.8496
39.9452
57.7990
33.2237
12.2531
43.3168
45.3742
65.2359
103.8025
92.0550
81.1205
65.0866
67.7534
72.9543
82.3533
79.2687
75.3693
83.6540
89.8049
59.5376
43.3214
79.8958
109.7560
103.8984
103.1164
83.0807
53.6738
90.1904
65.2414
67.8700
104.5023
63.0182
75.5159
90.6635
79.1684
84.9872
64.3160
77.6798
105.0019
61.3083
31.1474
54.0279
80.2334
79.9934
92.3131
68.6487
25.9482
63.0416
62.9119
29.9047
14.8332
18.8078
55.7286
60.7900
50.2912
43.9300
62.4949
92.2296
61.6544
17.5813
61.3024
61.2992
58.5446
64.6633
59.5038
99.0034
106.4418
78.1100
48.7977
55.8351
47.8390
79.0330
58.1208
56.7619
97.6485
48.4775
31.1709
60.5837
75.9433
81.3433
43.1346
24.2477
80.9752
98.5606
78.6425
47.7154
37.2673
55.1389
31.9372
22.7606
27.5024
54.3187
66.0557
72.6915
110.1930
92.3366
40.3332
26.3139
53.5345
68.5710
59.2364
61.0550
39.8454
24.6059
22.4668
10.4936
45.7807
99.4482
82.0832
56.6532
98.7622
102.2887
84.7234
108.8366
122.7883
76.5527
58.1153
104.6265
105.0225
85.9821
106.8730
120.0877
103.7761
79.2608
66.0088
93.4341
90.0770
66.7428
91.7902
105.1129
97.6298
69.1172
57.7732
65.9414
75.4799
94.4609
59.8649
73.0623
90.9923
63.9913
71.8938
73.2888
81.7460
50.9964
52.4824
56.1819
60.8204
69.7707
63.5811
80.8186
68.9019
45.1183
56.9471
94.3984
65.9526
43.1031
68.6699
86.3813
92.4957
72.9118
57.7214
57.1567
34.8794
54.8080
44.5380
52.6875
90.9927
65.7480
30.2118
61.7328
91.0894
73.6655
93.8079
91.7678
95.4773
115.4712
114.5977
80.5642
30.9514
19.0550
65.0678
100.6764
90.3410
55.7894
40.2072
58.2883
91.3004
69.3785
16.4810
62.0281
110.3487
95.6516
97.8229
80.7835
67.2649
62.2538
82.3218
89.1849
35.9643
72.7950
71.7738
24.3626
77.3685
88.6186
84.8610
69.6901
66.2078
69.0575
19.8470
20.4666
38.7762
45.9308
34.1837
21.2005
23.3403
17.9942
21.5517
68.5334
104.2780
105.3609
72.6952
72.3074
74.9081
53.5398
56.3212
37.6563
24.1235
58.3546
71.5313
32.8243
43.7484
58.0874
58.7552
77.4600
52.9309
20.5172
16.0083
52.5380
68.8111
48.5721
48.9731
62.5818
48.5293
52.3935
71.7158
88.7555
76.9081
27.0567
47.2258
98.8093
119.1893
76.8924
37.4108
50.2904
83.2240
73.8066
35.8132
76.7089
105.4142
63.8295
72.4070
102.5906
75.8948
36.2347
20.4919
14.0518
38.7192
74.4036
56.0771
17.6139
17.3878
50.3217
97.6988
81.9798
52.7200
80.8089
78.5990
62.2405
43.9564
24.0556
60.8057
110.4319
80.9091
54.7013
81.7893
105.9776
108.5043
103.2307
115.1703
62.3717
45.2011
64.3778
33.7037
27.1082
19.9263
16.7714
16.3952
36.4291
67.9291
100.4515
89.7060
76.8274
64.5137
25.1786
49.2857
54.5294
24.9153
11.6448
62.2501
99.7790
48.0525
18.7068
21.1334
65.6824
93.0526
74.6216
97.2023
61.1338
13.3165
71.5643
79.7766
52.4517
94.2164
114.5292
65.4353
44.9352
49.8895
36.0282
73.0268
109.9831
117.9227
85.5503
22.4566
22.8398
77.7241
75.5310
21.9802
55.7492
82.2908
29.3011
43.5430
74.4825
91.0392
96.2573
38.5746
27.7838
32.5249
19.7215
71.7082
107.4498
58.4591
42.2488
80.6235
81.4901
50.6307
54.7185
62.1955
87.4987
77.2351
36.2682
82.3603
98.0449
87.9913
52.1227
11.8402
73.2531
98.7873
50.8585
35.6309
50.1690
71.5300
54.9662
22.4839
54.2001
54.9761
18.8535
25.9364
74.8780
107.6627
100.2826
89.1757
85.4534
105.9201
77.8681
70.9979
105.9360
77.3540
39.2936
46.1293
32.5882
37.8997
45.2623
72.1974
62.2729
59.2405
121.7979
62.6994
56.9930
83.6700
44.8527
44.9055
56.9197
78.5795
92.8111
107.3935
89.1816
60.5505
96.9679
113.0694
104.1266
102.7338
50.7464
16.2199
33.6377
29.4327
20.8044
60.3680
89.5761
47.0332
14.6445
63.2871
58.9815
31.5477
41.1572
71.3469
67.8357
71.9098
105.6772
66.9914
46.1955
67.4178
91.5291
88.5522
97.8363
90.9860
67.7625
48.7766
18.4332
52.1547
56.5922
15.7823
50.4620
66.3111
41.1993
28.4824
55.5132
43.8314
23.8491
37.2856
73.3111
91.5943
76.9371
88.8393
48.2814
34.6329
43.0845
54.5937
42.4862
10.8878
15.7088
12.4555
12.2403
59.3701
73.1045
59.1855
84.4299
77.7423
59.5405
27.0499
2.8265
16.6154
62.8831
69.5021
64.5471
51.2587
20.3692
51.6742
78.6482
50.9613
38.3826
82.1949
61.6697
67.0324
116.4390
68.1217
58.5991
66.2334
67.7955
51.9700
65.9048
62.9519
32.8506
61.2877
61.0292
33.3914
42.7447
89.6098
94.1412
91.9108
57.1901
31.2690
31.7199
29.1260
33.0436
25.3837
30.7354
54.0050
57.2228
80.9130
63.8173
45.2327
63.3427
73.2834
83.4651
89.8629
84.4132
76.1051
101.0242
71.4369
19.4758
57.9198
62.9769
45.1613
51.6128
21.8736
37.6511
33.5760
49.9826
85.2359
81.3075
88.7126
73.9923
50.3395
70.4856
92.1392
84.8814
72.4153
93.2947
90.4016
55.0469
39.2361
30.3063
78.3764
79.5328
30.4129
60.9943
67.8657
81.8859
93.3368
42.6845
28.0932
21.1581
36.0233
87.4375
60.5297
56.6686
105.8127
73.5545
56.4205
58.8770
40.2244
45.7346
41.7989
36.2468
25.2993
66.6558
91.8590
46.4065
64.5105
80.6826
93.8477
90.9992
62.2511
91.9794
66.0087
20.5825
53.2956
77.1679
78.7989
62.1160
32.5389
30.3816
57.2246
40.1057
8.2230
39.9172
80.5524
55.6861
30.3753
23.2991
23.8168
47.5539
50.4845
68.6555
58.7542
62.5663
110.7953
111.8797
77.1185
60.2445
95.2070
93.1333
94.7071
105.6049
82.2722
56.1284
49.3971
69.8815
80.8150
50.3425
10.8315
17.5166
58.9228
69.2059
80.5847
97.3453
43.8293
41.4997
71.2735
74.9178
43.4315
32.4745
58.5312
71.3490
97.4901
107.6001
111.3481
70.3559
57.3781
48.2926
51.1602
51.9003
26.0910
39.0250
39.6897
82.7064
113.5865
59.3603
61.0722
92.5075
51.8483
70.8933
106.6378
100.3651
83.1805
73.6110
76.5834
81.0687
104.0629
68.4223
45.8884
76.1265
67.4209
42.1140
21.1763
44.9723
98.4098
72.7372
29.5134
65.5035
82.5842
62.0428
67.5986
58.6695
29.2903
34.3409
47.0055
34.8010
24.6629
73.1945
123.1586
91.4139
68.2242
91.1449
79.6551
62.2622
75.4029
73.0574
94.5496
82.6164
22.0323
28.9237
30.0090
52.2111
85.0751
53.2987
54.4058
97.5949
92.1837
78.4673
50.8981
18.7677
31.4357
59.5267
105.5017
116.9801
82.1157
29.1704
58.5362
81.7333
37.0716
17.3078
11.0562
51.4889
108.0599
123.8602
70.3714
64.2020
115.9534
97.2029
60.3050
53.6807
34.4415
16.4938
14.8656
66.9334
75.2656
34.2270
70.3009
71.7513
71.7183
104.0312
108.2976
64.4062
22.3718
59.9771
102.8337
76.9553
46.7313
79.1183
100.6433
89.7685
101.2399
65.3429
8.9612
8.3714
14.0675
22.3577
39.6755
47.9209
79.7421
73.2463
62.3412
97.4555
53.9410
46.8444
82.9390
39.0434
20.1410
60.3800
73.6336
94.7520
66.4026
51.3474
98.8493
62.9649
71.9671
107.8155
65.6324
59.4204
84.7245
67.6648
78.0674
61.2751
39.1859
62.1777
91.8048
107.7483
95.1667
87.3885
98.4022
66.8897
64.7275
75.0278
60.1360
53.5074
70.0850
109.9228
76.9015
39.0567
47.4422
82.4574
59.3861
73.7303
98.7825
59.6856
49.0134
71.5496
61.2434
29.6780
28.6055
76.8681
105.7936
94.9395
66.9689
43.2225
50.9128
32.1697
42.6121
66.9467
48.1618
19.5019
43.9564
47.9633
62.0403
69.0279
17.9586
63.9055
74.4571
68.9781
64.6698
61.2681
110.6470
106.0417
62.0272
50.4776
63.6386
45.5771
52.8714
38.7417
45.0323
101.8451
106.8878
81.7814
37.4369
35.3103
77.8487
101.8852
101.7344
68.0062
71.6368
70.5000
68.7999
55.2608
12.4740
51.5882
62.1460
62.7495
67.6712
67.2777
64.1566
21.2894
30.8655
66.0288
94.6971
106.9023
54.5572
62.7749
84.7812
41.7754
82.4510
63.0012
27.5129
80.1907
75.8559
67.1333
92.9092
62.0769
20.6901
42.7203
55.0244
65.0574
45.8820
52.4065
69.0750
40.9911
42.5529
80.4309
78.6050
43.2768
35.6603
63.0585
82.3199
35.9650
59.4865
60.1936
59.1759
109.9375
85.6732
63.7183
81.4441
52.3920
21.5478
71.8897
67.8319
52.5123
86.6563
101.6907
102.1032
87.9912
63.4463
21.0734
37.3265
56.9605
32.7009
37.7413
27.2765
38.9915
84.2607
77.0968
49.3914
41.2957
51.2909
86.0586
79.1288
22.0805
28.7002
83.3462
100.6980
77.5769
53.7533
28.3834
13.4133
39.8877
52.6471
64.8799
63.3814
33.4345
69.6500
90.1972
92.9080
69.3041
49.0891
42.4339
37.7529
42.9133
51.0211
103.2113
113.8806
87.5199
70.6872
81.5222
79.7495
78.3537
104.5918
69.9675
22.3118
19.1827
31.2632
58.6374
46.5342
54.3890
74.1602
41.5386
23.1396
17.9846
42.8385
61.3312
47.3899
27.5637
25.6499
65.3355
71.1657
77.7397
101.7303
70.3229
51.6636
60.8715
91.5583
78.0404
72.7538
92.0703
54.6738
69.2464
92.9718
81.9592
54.3604
77.8679
105.4560
69.4182
29.0210
37.4888
63.3746
48.7934
36.6944
80.9664
116.8523
79.6853
75.9797
95.0945
64.6576
47.2885
71.5673
60.3619
32.0523
31.4372
47.4058
54.6239
61.7772
82.6850
58.2642
65.8162
73.6517
76.8289
76.9438
62.9017
99.0260
62.0134
10.4268
15.8130
59.9255
96.3205
76.7561
39.4096
19.5831
20.5139
19.3853
69.8215
80.2284
32.2009
31.7147
42.6569
52.5111
59.2658
43.7243
44.3794
76.0825
97.0519
62.2134
73.2133
63.0710
61.6084
91.1388
75.7670
72.9181
86.5640
109.3130
59.9088
14.6841
19.9553
65.1590
104.1492
89.4158
56.8558
27.7281
52.6414
105.6124
93.2686
94.3124
121.1491
82.4324
27.1716
65.2743
66.1936
59.8990
98.8733
101.1166
63.4067
16.6778
22.4751
52.5541
62.0110
42.4439
59.3736
94.3272
55.8743
47.1897
82.4893
84.5885
66.5067
68.7307
113.3171
86.5791
56.4273
89.1628
68.2933
66.4036
90.3859
75.6038
102.3168
99.2916
46.0539
63.3823
75.3322
65.9096
91.3570
101.1674
101.7104
67.6487
41.7149
46.1481
36.5521
63.1450
77.0205
32.2109
36.6933
58.0444
30.1273
35.4657
42.4106
16.3385
42.1940
41.5300
61.0545
66.5732
41.7163
62.9988
81.2845
50.1274
57.1433
70.0590
18.5098
30.6778
87.0203
89.8884
91.3956
72.9200
56.3593
88.3599
97.1570
61.1053
59.0781
85.1540
58.6792
70.7275
61.8479
22.5786
66.6482
112.1945
115.5676
72.6013
56.1389
97.2704
78.4824
56.6905
54.3612
60.0563
97.2313
72.9928
67.8539
98.8985
51.8598
16.2917
67.0291
73.9628
65.2799
82.3084
84.3841
69.8471
59.9257
70.2097
50.8246
32.0486
17.8877
59.9862
102.5154
72.6600
44.9508
46.1611
77.8292
75.9544
20.2955
56.3485
75.7647
25.4161
48.6959
96.5700
113.8341
115.9238
63.1689
55.6041
47.2784
2.3168
56.3091
117.9648
79.0826
30.0630
43.1917
89.2845
79.6091
58.4973
44.2895
65.4651
117.7811
103.3112
107.7318
84.9934
37.4457
20.3926
24.7167
43.0927
81.2211
58.2002
22.8826
32.6321
16.0677
10.9079
12.4838
31.3853
82.0425
110.1088
93.9118
65.7379
84.9981
90.0102
37.0891
19.9723
47.0043
78.2955
55.6120
50.2234
93.8749
119.5512
109.2306
66.6520
61.6913
74.8292
52.7997
32.3619
63.2863
93.9632
80.0681
65.2132
90.6009
89.2003
88.7916
105.5015
45.1325
52.2355
111.9764
63.6531
5.2041
15.7398
20.6073
13.1814
51.9739
100.9082
81.0092
33.1716
52.4096
99.6927
66.0270
70.3215
113.8019
71.3490
66.9343
70.6506
30.8932
59.6164
66.3094
66.2597
55.4891
56.2903
90.6103
64.7497
45.5481
40.1664
29.1774
44.8366
36.4049
24.4547
49.2844
39.2161
22.5309
24.9608
71.5774
99.1923
74.1001
86.8962
99.0367
98.9877
95.3035
77.0568
95.8945
65.7581
71.0343
76.3692
61.6343
61.0810
58.3577
105.0314
100.3055
83.5327
75.2629
53.4111
56.9397
88.1990
89.2493
84.8908
71.6879
67.9508
85.5579
85.0332
79.5117
53.0951
66.4115
51.3374
45.4304
51.7694
67.0048
82.8968
41.1450
21.5670
51.1432
100.3951
92.7742
55.2217
72.1273
62.7031
68.8782
102.5997
67.5691
41.8955
62.0493
57.6878
17.5817
56.3047
50.7711
56.4780
101.4986
73.1707
35.0018
22.1957
18.7653
32.8808
88.9398
99.4552
92.1768
105.5497
59.1540
36.6074
84.4360
71.9121
56.5944
96.3359
63.6032
10.0295
12.9014
35.3389
62.6183
77.2734
41.2250
36.9977
73.9764
52.5113
41.1836
43.4859
63.2411
54.4418
13.2050
8.5877
13.6504
28.7317
31.2449
60.8588
97.0491
81.9584
35.7097
24.6528
69.5336
106.6742
74.5143
76.6684
85.4222
38.4343
19.8842
65.4777
81.5158
85.7155
76.0924
32.2027
62.5803
75.7399
74.3526
54.7913
74.2867
123.2902
100.8986
66.4340
43.6021
68.8001
69.7998
30.3992
43.8987
91.8504
122.5535
102.8907
57.5853
73.0819
76.3011
81.4408
117.6428
97.4205
54.4833
35.9670
47.0805
85.7808
114.6472
79.9148
43.0675
58.8740
59.6529
59.6838
61.7550
19.9129
22.0450
26.6577
59.2269
56.3593
30.9045
82.4050
99.6557
106.5985
110.9772
77.6423
78.8505
86.2571
68.9974
33.6095
57.7142
82.5307
67.1203
45.1632
19.6305
64.1402
51.7399
25.7475
31.8797
12.4083
47.2100
59.8985
39.0634
47.9577
68.3936
86.3194
85.1257
106.6893
91.8783
74.9836
48.2888
34.0589
68.6268
36.6844
4.0005
42.0431
68.6673
37.7846
24.7848
24.3268
63.0885
59.8987
11.0088
24.5248
49.6770
95.7385
83.3054
63.0345
56.9416
26.7722
72.0379
116.7690
113.8288
113.1446
70.6200
53.3716
84.2509
48.8043
61.4617
87.2238
43.8732
73.9386
78.7892
82.1359
72.7302
44.6153
46.2775
30.9676
62.7684
93.5864
61.8161
59.7702
57.9634
46.8294
99.5242
96.2109
71.6599
53.0159
70.2542
88.3708
82.7838
107.1201
92.8654
91.1971
106.6849
56.4755
68.9279
116.4462
59.7437
40.6232
93.0437
119.1290
77.0877
24.6743
56.1736
64.6278
79.9072
118.4763
74.5390
36.7655
44.9852
56.0784
47.9275
75.7554
69.9781
70.9595
102.6089
55.2429
51.3821
99.5800
115.2060
120.7169
91.1173
51.7395
87.8966
75.9875
16.0588
14.3299
23.5978
22.7667
11.8110
60.9922
77.6554
43.8167
54.1175
54.8963
32.5929
34.0660
70.7756
64.5839
26.2463
13.9393
62.7265
90.7495
61.7046
58.7867
72.8709
49.7170
71.1792
109.1753
58.4606
46.6943
94.3221
71.4157
22.6084
65.6870
60.2714
11.5678
27.7854
34.8516
49.7712
89.1179
84.2556
51.3217
28.7730
34.9985
68.4017
50.7031
61.9436
103.9532
61.8561
19.5263
32.2284
46.1792
69.7899
106.3069
114.4952
96.0936
90.0883
83.9343
58.8913
62.4668
98.5607
119.2689
113.3841
88.8375
61.0655
49.6943
70.1124
96.0011
111.8993
70.2173
30.0985
66.6018
103.0218
79.3185
77.9607
99.1571
50.5063
70.3387
121.3944
81.5036
81.6643
84.2139
42.6834
39.2544
30.3843
50.8952
76.5239
37.6613
35.1298
47.9126
17.4758
13.6648
64.3002
91.8592
44.2551
54.5598
68.6341
44.6679
40.6588
70.4912
66.4064
32.0153
43.1285
81.6691
90.3111
41.2191
57.8001
64.4792
62.9000
86.9158
64.3368
83.9297
70.2054
60.1669
84.2954
52.0919
67.2218
88.4441
57.1538
80.0957
95.7599
66.2791
85.4115
58.0563
57.6796
62.5251
37.2325
70.5167
108.5338
90.8966
45.0536
59.4638
57.1973
58.8365
102.8300
60.2168
36.9245
47.5010
40.2458
70.5807
58.4292
48.9614
34.9579
58.2605
113.0759
106.9838
50.8522
29.8775
53.2501
59.8384
58.5613
60.7139
67.6819
79.8122
80.3848
91.3955
120.7059
117.3156
107.7176
66.7011
23.2498
47.4179
66.5256
78.9862
95.3866
62.5727
44.8004
66.3674
56.4960
23.2881
10.3600
19.9148
49.4346
71.8398
100.2539
94.6134
83.4552
68.3678
63.7289
105.8060
112.5258
96.4389
103.7603
70.1673
24.6809
21.1091
45.9798
89.3529
114.0822
117.7995
79.6561
84.3100
65.1368
41.2643
78.0200
94.2536
72.3244
42.4443
78.0688
102.6901
89.2856
84.6612
52.5062
15.2681
23.8878
72.6306
63.8385
12.3995
4.4975
35.0459
50.8801
46.0216
31.9098
20.2677
70.1824
68.9885
37.2826
66.8496
103.0108
121.4794
88.1720
82.5049
84.8550
88.4960
91.2178
70.7912
57.4687
43.3526
85.6501
82.8957
50.1797
41.2877
19.5923
19.1570
41.5096
70.0676
56.1175
69.9382
66.9431
28.0787
55.7104
41.4993
23.4056
30.6785
69.7020
99.0920
42.3097
3.4425
13.0844
73.2965
66.5880
28.4392
42.6826
25.8664
48.6917
65.3189
85.9151
112.4613
88.4193
82.9440
44.8642
54.6624
82.3950
56.6131
46.1608
62.6715
106.2286
65.3110
67.9490
122.9628
120.8586
101.4086
59.4766
67.9738
111.7615
105.1736
101.4527
100.5499
52.9997
12.9578
23.1089
49.4136
62.9978
88.3235
91.2352
60.5960
36.6009
41.8383
66.9026
98.8706
104.0576
50.4278
14.7684
20.0327
22.0567
28.6634
27.0700
46.5011
78.9170
74.3234
55.3485
41.0184
30.9276
73.4592
120.0957
93.7483
49.3681
33.4175
26.6838
12.2267
13.0158
43.1082
81.1250
97.5827
110.4086
105.9245
98.0214
102.1429
56.6864
38.0861
73.6168
104.7498
110.1132
79.1707
55.9874
44.8631
53.0852
61.2679
55.0709
51.8385
78.2082
107.6707
57.6890
48.5032
64.9284
29.8678
43.0356
39.6146
30.1709
76.0461
114.8839
104.9005
96.0747
105.9805
101.2020
103.0075
69.3066
19.8387
34.4427
75.7266
57.7982
30.1330
24.8195
18.7783
25.8636
31.6060
55.6856
46.8074
38.1860
74.2178
103.6985
111.1181
100.6534
71.8223
56.2546
85.3946
81.6177
66.5864
91.1288
112.9996
121.3592
116.5364
90.9804
38.6730
20.0298
63.0406
96.9953
75.6207
65.0746
79.5180
55.3241
25.8317
39.3891
84.4714
58.9832
8.0267
51.7948
89.5729
103.7541
101.3407
53.3877
24.9113
74.3298
96.6708
75.9373
91.4001
57.9270
65.3343
57.2298
13.4017
27.3459
76.1269
71.7908
40.3109
72.0669
72.9768
51.0501
50.0177
55.6774
62.8460
95.7473
100.4729
50.5262
37.5185
60.1531
63.0168
82.3828
102.2497
51.2979
50.4289
106.3436
87.2146
64.6145
37.0775
42.0267
45.7691
35.5313
32.9446
42.2229
77.9366
40.0793
40.8574
77.1149
59.0732
30.3719
37.6365
32.8791
30.1773
32.5355
27.4466
27.2767
65.2282
72.7955
61.5073
49.9189
23.3948
32.3276
17.5356
55.3775
61.2274
25.0105
32.5826
39.8703
58.4191
49.3468
38.0489
59.7509
64.8872
70.1491
85.1068
81.5143
77.7491
71.4426
49.2158
49.3395
63.3964
81.6509
95.4768
59.2041
46.9193
82.3359
77.4776
48.1131
28.6717
14.5778
35.1506
82.4809
77.9185
39.6345
71.9508
119.6195
115.6156
105.5198
49.6190
64.3805
80.0800
65.0037
101.8267
116.6643
111.6509
87.6084
86.5355
50.7104
48.1651
99.2612
58.8355
66.4390
111.0808
55.3332
43.7867
46.0299
66.0588
60.3497
31.7739
91.7107
66.4264
19.4330
47.1256
87.0797
85.4113
39.9760
50.6971
61.5061
82.9939
100.9037
87.8629
108.1476
100.2630
84.0225
70.3957
44.4528
34.3074
64.5259
56.4199
60.1577
111.3938
62.3451
9.7601
30.9455
55.9446
47.7501
53.8185
51.0436
23.1858
50.6363
50.4158
69.2456
71.0001
75.5958
121.1162
73.8667
47.5790
80.7464
94.1738
81.7994
89.5632
104.1145
106.1684
110.5117
60.5934
29.1147
57.4196
79.9032
58.1811
57.0804
50.6374
32.9283
57.2477
75.4993
59.2227
22.0951
15.5098
16.4500
37.6213
72.5378
47.4955
44.1341
66.7170
83.8302
104.6253
96.6998
85.9531
56.2802
39.1240
38.6110
69.4705
58.1158
44.7207
61.3672
75.2573
52.2554
31.1199
72.6844
88.9259
75.2326
80.4270
71.5488
77.4027
95.7972
46.1904
66.7925
67.9190
40.1551
73.9202
53.1669
39.6253
47.6510
29.0577
70.2219
69.4181
36.5033
84.9860
94.5264
87.1166
88.1062
43.6502
20.5484
71.7501
85.9064
68.3333
91.1662
59.4477
42.0631
46.5404
49.9768
98.9582
105.9677
89.7503
92.3182
67.3856
36.9840
40.5320
71.9356
106.8609
97.2371
41.3155
34.0554
67.7852
85.8761
69.3621
60.5650
74.0698
83.5437
79.9761
44.6155
16.2094
34.8652
73.1404
44.2254
13.5093
71.3457
64.2197
32.8317
35.1044
41.3924
78.7581
55.2701
49.8268
88.5249
81.6529
79.2924
95.1093
57.8449
75.8663
76.6413
31.8349
79.6652
89.4050
39.5555
57.9014
106.7993
75.4714
50.9518
43.2012
15.7273
25.7628
63.5034
64.9915
25.1653
61.3558
94.2756
52.1160
53.1868
103.5829
122.1116
120.5296
75.5651
19.5988
58.2283
100.3678
61.5827
34.9917
73.5986
60.4178
58.0980
92.8598
60.7365
19.2021
3.7977
37.3103
81.7889
96.7948
60.3253
34.8790
29.3650
19.0969
22.1553
33.9803
28.9424
54.4836
69.5918
24.6295
7.1234
21.5127
47.8156
73.3181
50.6215
51.7283
105.3241
82.1613
25.8636
27.6378
38.9810
19.6914
21.8554
30.8713
30.4511
76.7420
122.7370
101.6210
45.2679
24.9582
23.8738
4.1801
11.7641
60.6140
80.7899
61.8659
83.0762
70.3277
28.0794
44.9982
94.3602
91.2194
81.9782
60.5514
23.4236
33.3133
69.8905
64.2104
51.8581
51.4668
49.2669
56.6650
63.5544
103.5626
99.9913
44.0261
20.4314
30.0139
62.8617
109.4858
87.9553
33.1986
53.6953
95.2082
110.3888
111.2779
90.5077
57.3002
57.9305
71.0154
65.1152
79.0028
76.6369
88.4665
58.5511
25.0737
65.0899
84.6008
75.9670
44.0979
30.3061
85.1280
76.7429
55.9596
48.1337
13.8917
31.5957
60.2545
59.0095
83.4880
63.0007
50.2358
84.0163
81.8491
94.6545
77.7269
61.1892
43.4053
29.3708
56.6296
59.2782
69.4336
71.6675
22.5657
64.1439
80.1108
68.7935
112.4846
73.5919
58.8536
58.5963
47.5051
59.9262
66.8822
43.9332
16.4472
28.6018
64.8849
83.0489
64.6814
85.3044
93.6532
63.5031
71.1074
110.5372
122.4930
115.8655
74.1677
31.4263
19.1270
57.0376
80.4966
76.8108
50.2859
33.7765
35.0939
5.4928
49.6585
79.4451
55.3592
80.1914
102.3703
64.3265
81.5595
85.5526
31.1477
12.2037
41.2381
90.3249
80.7707
71.1310
47.3615
33.4731
54.7578
72.0302
96.2346
64.8565
47.2558
36.9187
46.8170
66.8744
61.1857
64.6284
90.7654
73.8554
44.9462
77.8956
73.7525
78.4032
91.9920
105.8293
118.8683
108.0347
114.0251
70.2237
70.9559
98.9145
84.6956
55.5577
62.3271
112.0642
85.5831
36.9629
53.4715
73.2934
47.3598
54.9123
51.2260
67.6278
68.5733
67.4204
95.0059
72.1842
40.1245
33.5701
42.4168
50.6747
32.1277
48.2676
96.0002
60.0990
13.2920
47.4160
105.9643
77.4775
46.6005
88.6396
88.5232
85.7671
105.5364
65.0003
27.4370
39.8558
89.8149
107.3216
54.6277
71.8436
109.5210
59.1379
53.3425
99.2150
73.4774
18.8500
48.6830
80.7853
71.2202
64.5000
46.0463
46.9640
47.3406
34.7507
68.6034
87.1532
44.7107
48.2847
76.4896
61.8657
85.6539
124.4738
95.0221
54.4855
30.0329
39.0559
84.0689
105.7981
53.7721
34.1119
42.0622
59.8323
60.1129
46.3415
42.6537
61.8663
62.9599
19.8724
48.9182
64.8952
75.7490
51.0203
58.7993
59.8374
8.6507
65.6355
74.9080
54.8987
42.3247
35.8360
86.4626
102.6316
104.6692
71.5747
78.5929
63.4123
57.0935
80.7081
87.5531
90.4566
88.9552
117.7789
64.9793
18.9405
55.1587
91.8589
88.1303
84.1422
73.4527
66.8203
100.9052
125.8403
73.8372
17.2765
56.5706
69.2983
41.3409
84.6348
112.6812
78.4849
29.0362
44.3749
44.9008
39.9383
56.9802
53.2975
64.2893
36.9911
56.6884
50.1278
45.3136
82.8770
84.7804
48.9833
62.5782
63.4405
54.5239
58.8812
47.9182
45.3667
34.2324
69.5841
60.7892
60.6189
78.5152
77.0015
43.1594
36.4328
72.9612
51.5094
52.1862
79.0820
81.4900
49.7934
38.2146
84.6735
55.3856
18.7243
38.9579
33.1839
37.8331
51.7937
74.6864
92.5910
67.2361
74.4244
67.2431
23.6422
38.9756
72.8404
88.8069
82.1519
42.8826
23.0463
21.2171
70.0199
71.2768
55.6363
104.7810
59.8913
48.3849
99.5230
106.8047
111.4825
67.2054
23.9198
15.4090
23.8888
50.3798
46.5097
75.6821
83.4974
64.5593
80.7147
79.7093
78.3489
98.0632
60.8993
60.1556
95.5853
51.1888
64.9951
76.1363
56.3207
86.5445
102.5251
80.4139
39.2291
30.7243
22.3417
59.0942
107.1556
88.0359
42.0144
39.8008
61.2037
78.0394
69.8252
72.2201
109.1229
105.7279
68.6170
37.0841
52.7641
61.0756
33.0244
3.5350
42.7998
67.5604
54.5255
87.8737
93.7683
83.9208
64.9614
72.7493
60.2575
52.0612
85.0614
61.2095
42.9943
26.3048
47.5675
78.2381
55.3811
38.7974
46.1155
55.3144
60.7145
79.7962
60.3766
29.8520
22.0608
19.0908
69.0356
102.5672
98.5361
111.6992
65.4923
23.0144
74.1317
65.5584
46.1186
93.3367
79.5032
82.4509
83.7419
59.5430
87.4686
84.1639
68.8548
92.7223
113.0631
76.6562
41.9440
63.9196
84.4591
77.3290
39.3246
37.7732
60.8370
57.9884
89.6905
100.9045
73.8957
73.5208
60.6683
38.0970
22.4074
24.5001
60.2783
71.6490
51.3227
43.7221
81.3091
78.1928
80.7630
81.7689
55.9797
35.6823
43.4212
48.1875
44.5739
41.1570
23.3798
17.3562
45.8339
54.8607
44.5256
66.7878
65.9257
66.3973
47.6182
23.1886
32.7454
66.6089
80.1738
72.5953
88.9737
66.8961
32.8213
35.1773
29.4889
63.9465
56.0368
14.0954
13.9510
39.8846
88.6556
61.9698
19.7983
47.4654
50.1487
80.2367
67.1853
45.8753
61.9982
82.1814
90.8921
86.2787
65.4953
26.0554
33.6950
52.4096
40.0559
50.1030
58.8938
30.4267
36.9320
47.9336
88.1528
103.5378
102.7837
104.2865
103.4901
79.9452
55.7496
52.0680
34.0894
68.1259
86.1304
82.7982
92.6452
103.1733
102.3829
98.8146
120.9563
91.2808
36.0406
20.6345
26.2691
19.9559
16.0188
37.5994
87.9269
74.1752
69.3385
78.7747
75.1053
71.2577
78.6075
116.8739
59.6525
30.3580
38.0514
45.6716
91.0769
115.4785
121.5614
108.9312
83.2159
50.5102
77.4445
113.8218
105.4893
63.3092
47.5852
57.8163
50.9395
84.3622
98.9049
95.2514
64.4864
38.8634
26.1825
60.6772
109.3747
74.1921
48.9270
46.6485
69.0053
97.4594
71.8834
75.2425
108.5493
64.3782
51.7193
105.9251
119.6189
111.0028
68.3274
27.9754
16.3415
41.6219
44.5834
56.0317
54.6712
14.5062
52.5163
85.8265
70.9917
47.4604
81.1099
96.4213
80.0565
87.2000
60.7637
66.8477
49.0482
44.0308
99.7368
68.7205
51.6900
69.6253
75.0721
72.4553
90.6544
99.9487
95.9554
86.4911
74.9382
81.0933
97.1634
64.4782
43.4662
48.1755
18.2481
75.1314
77.9255
26.0445
63.1995
116.0304
106.8183
47.3523
19.8512
76.7346
60.8522
53.8778
80.0454
58.6324
90.5105
110.4099
106.6310
66.5639
40.4467
80.1139
62.8799
33.1520
39.8597
70.6052
79.6280
52.4387
52.9143
68.9486
64.9423
69.0742
82.6129
70.7327
36.9558
39.5934
61.5581
79.0856
115.3567
106.1843
54.6104
56.5114
59.7526
63.1490
72.5308
25.6567
30.7334
79.2496
80.2413
30.6635
40.4003
79.9270
52.6205
24.6001
67.6028
94.2710
75.5103
67.8262
34.4594
24.1454
84.0697
69.2889
65.5938
93.6272
50.7762
75.2278
74.8497
31.1363
64.9587
53.0183
46.1018
103.6432
93.6385
74.2972
88.3918
53.0882
66.0375
95.2631
62.5760
48.4037
64.4171
91.9761
70.3007
53.8946
76.4438
66.6123
67.8392
81.4631
66.0189
74.3661
69.7756
76.9139
97.0051
67.2751
33.6356
69.7787
96.4255
43.2223
47.8833
62.8411
80.9532
101.4316
62.9807
46.8607
62.8554
58.4896
71.1250
110.1866
121.5773
79.8263
41.9145
43.0324
37.9420
78.1996
75.9209
29.9875
62.5116
103.5668
109.6737
97.8972
45.1927
15.6610
75.1345
116.9434
108.2514
116.1364
84.3176
80.6436
113.3493
96.8170
106.0283
106.4822
49.6445
22.6256
56.7876
56.8777
56.7642
65.0176
69.2762
66.5378
52.7230
54.4183
74.1692
103.7904
69.1780
63.4373
82.6379
42.7092
30.8088
43.8620
57.8570
55.7085
80.6905
119.2775
108.8203
74.4087
67.1663
77.5076
94.8075
97.3907
93.2898
100.1848
48.4850
57.0540
65.3548
66.1975
54.8069
45.6218
83.0842
94.8788
57.7255
62.5963
67.2565
69.0146
95.9019
53.7606
77.1275
94.6218
71.3366
68.7016
60.2150
72.1899
86.0626
98.8570
78.4641
57.6308
40.1415
55.3479
65.2821
32.4081
80.0192
90.5849
54.1041
67.9915
106.8107
86.8940
67.0860
99.8054
88.8319
79.4800
101.3136
102.4524
73.3334
48.1424
34.9867
28.1437
20.2195
8.4816
34.7137
72.2188
88.2754
59.8671
48.0985
90.0029
119.1958
115.8193
54.8859
28.1772
57.6516
67.3450
52.7625
23.7154
54.4942
51.4360
18.4849
51.9054
62.1339
63.3759
88.9083
56.3119
30.8585
57.0584
38.3120
67.7704
114.5228
78.3798
66.6547
50.3293
45.8550
91.9704
105.8425
61.7024
52.8585
54.1441
40.6645
83.8884
78.8621
27.8511
19.7463
73.4543
81.9863
75.8666
57.8503
55.4952
111.5859
121.0722
111.2343
113.4622
99.9054
50.0126
39.1424
46.5297
72.8860
101.0911
105.3390
109.1866
66.0513
28.7236
54.8982
66.8648
33.2718
13.5630
56.0382
49.9456
2.8681
63.6860
108.5561
110.9281
86.9858
74.1163
56.7732
44.7442
62.1463
29.5898
69.0659
122.0137
94.0613
97.0854
105.5154
59.3046
51.3549
51.2688
41.0527
36.7856
21.1210
48.0460
64.2894
62.8223
58.1170
51.1945
79.6444
84.9627
66.8786
79.4860
48.7996
35.4981
72.6807
39.9152
33.6419
42.1712
14.1049
16.5976
12.7223
23.9513
83.5358
61.2438
14.6388
69.6811
113.5520
103.2351
64.0804
28.9023
55.8036
63.1621
71.8207
66.2712
39.8920
86.8239
102.1333
82.3491
84.4849
96.6970
101.3979
102.7104
75.7852
58.3648
89.7517
110.4361
91.4817
45.7916
16.4280
60.7055
106.4362
58.3313
41.4047
67.7445
59.4644
87.2217
119.7445
80.8252
73.8984
97.5810
90.5995
74.8968
73.0833
62.2324
61.8081
84.3226
58.3450
63.3012
64.7386
23.3733
6.6425
34.2600
94.4464
116.7927
100.3125
51.1930
22.7421
70.4895
97.4012
99.1562
107.4817
61.5440
40.0043
68.2893
66.6965
81.0194
84.2753
88.2599
119.2645
93.9266
62.0162
56.4772
81.9942
74.2124
52.3356
54.4892
62.7075
75.5885
55.2382
32.5520
49.5613
55.9656
49.7956
82.7996
78.1154
36.0929
59.5534
68.3139
49.1466
38.7610
55.7741
72.8766
49.7491
28.5671
26.1763
72.7699
65.9079
52.2252
98.1047
63.9049
43.9164
80.1092
91.2233
63.0458
51.3210
89.1509
62.8132
59.9419
101.1023
69.4546
61.3133
75.8281
78.1029
94.5854
73.3103
67.7298
59.2344
27.5154
5.9419
56.7039
114.8118
84.0455
61.3056
73.1298
76.3485
46.5596
71.2520
87.1730
33.6821
47.2808
95.0870
72.4410
59.4731
94.9594
63.1300
47.7929
83.5397
51.2522
32.7763
67.6606
93.0415
94.7535
90.3556
68.2435
38.0218
32.5108
39.3305
86.8727
74.4342
35.0634
81.2805
105.0184
71.1258
90.6360
80.5038
38.1019
53.8172
70.8059
70.1865
76.3208
68.7714
66.2937
84.2800
55.6753
23.6793
54.2682
72.9432
53.1373
82.1657
93.7397
72.8321
88.0688
67.9937
74.1127
70.7506
20.9462
41.6466
72.0247
66.0130
54.9387
64.6539
72.9487
65.9084
43.3773
51.3539
39.9955
3.3190
66.8381
82.5164
71.6782
76.4272
28.2948
61.6215
103.6720
85.1649
62.1806
61.9696
83.3250
73.7394
66.4579
77.1669
67.8929
40.9222
51.4917
100.7865
87.8131
31.7000
11.2147
15.8038
27.5389
68.7391
56.0594
66.5652
91.4035
77.6264
59.2592
36.4416
73.8427
68.3144
35.9303
30.6793
62.0647
59.6360
27.7219
35.1633
61.2805
54.8349
50.0858
51.4376
33.8174
66.8330
53.2719
19.0725
75.9059
94.5715
61.9781
80.6824
57.3414
59.3197
83.9369
77.0998
48.2370
14.5676
43.1484
62.6843
66.6744
40.6913
68.0952
105.7307
106.3199
124.9029
125.5153
102.6455
102.3352
81.3749
57.7362
71.7342
51.2880
50.8204
70.6331
95.9949
109.4462
109.1292
57.3447
35.4504
63.7879
79.1490
111.1599
104.7713
78.0945
77.5474
90.5472
50.4309
66.7305
102.5905
80.3688
90.2680
82.9456
62.5800
45.9329
42.3749
60.7619
38.1596
63.7686
91.6714
83.1182
82.6384
66.3830
59.3914
60.8750
45.3775
48.3300
56.0369
42.5372
90.1958
87.6462
63.6678
82.6442
46.9752
65.9836
123.3257
116.5565
91.0344
44.1577
48.6647
74.6312
90.8849
68.2726
22.0347
45.9670
57.7886
22.8617
46.7363
103.3462
76.4745
27.0568
36.2352
43.3634
40.8513
26.9913
26.0591
83.7158
62.9421
19.6802
56.2772
69.4133
52.7829
47.3932
85.0491
65.9351
47.7159
54.5269
22.3538
24.6851
51.3442
71.4812
39.2506
15.1660
47.5822
51.7238
20.5482
66.3186
122.6898
84.5663
60.4087
64.1416
53.9881
81.9699
99.5198
106.0280
69.3250
47.7765
41.6214
50.5354
88.9653
85.6421
51.4279
64.0573
69.8490
74.5937
113.5244
81.6390
88.2369
102.1769
102.6249
73.5475
42.5670
51.4282
75.5510
98.7893
100.7116
56.7177
54.1710
60.5721
27.4784
79.2553
104.6595
60.3348
50.5483
64.0141
70.0453
73.5648
52.0975
45.8540
53.0800
29.7156
10.4788
58.0600
100.8114
106.1536
79.5948
43.8285
79.0426
108.2373
66.5645
60.3278
67.7190
41.7497
59.3125
56.2326
74.9047
111.7381
103.5572
64.8972
21.5033
47.0280
42.3026
16.8718
53.1387
43.5228
7.0573
34.0116
42.6589
40.8660
90.4573
79.2110
58.4213
51.9161
47.2328
62.7516
37.6815
23.1964
40.4591
44.3640
25.6683
28.4994
68.3509
110.0826
93.4366
68.2544
77.6943
85.1414
99.1301
64.0820
28.5771
60.1543
76.6914
51.5047
27.2703
69.1319
83.3162
65.9202
96.4280
111.1020
81.0110
74.4031
61.9717
61.7825
59.8861
41.2084
78.7758
98.9758
88.5475
42.8086
40.0092
66.8077
38.2591
37.6904
60.4332
69.9693
74.6198
66.7341
43.9564
16.7379
7.1130
67.3437
122.0859
80.4677
65.3606
92.7405
92.1590
102.5582
81.0731
22.7815
12.3706
70.2542
101.6902
78.2041
88.8481
90.7658
62.9621
37.6017
24.3352
45.3597
86.2857
87.3539
69.2279
86.6340
81.2202
51.8209
24.1716
54.7467
87.7873
79.8762
64.3951
72.0568
99.2640
104.3834
74.9305
20.5735
33.4848
53.4702
29.2389
63.4417
58.1093
7.7616
57.9726
66.2372
72.1805
57.6095
26.6452
30.5211
10.9727
65.1391
107.7275
94.3674
48.4024
38.7104
66.1600
49.0436
33.5904
53.8453
74.1613
68.0913
82.2497
51.1073
11.5418
52.4865
52.7772
61.0512
55.2388
46.4325
101.0435
80.4434
47.2970
47.0264
52.3160
76.5979
94.8376
109.3096
76.8296
67.8744
60.2664
25.8631
79.2175
107.6546
58.3287
46.0688
85.4901
104.6007
57.3036
62.0526
82.6109
36.2676
50.8977
101.9618
107.5799
78.9227
53.0265
46.4384
78.6341
62.8055
68.8465
117.3834
106.5371
48.7353
50.2409
69.7170
71.3325
59.9267
29.6355
53.0368
35.0656
16.9671
50.9824
95.7611
62.1119
8.8058
24.3070
56.4550
67.1038
53.0458
76.1620
93.6080
104.6449
81.7176
36.0118
19.6403
21.2354
46.4927
28.6987
52.3511
71.1488
62.5439
96.2744
115.9362
79.8696
53.8126
98.1221
72.1277
24.7877
53.9967
86.6163
64.7023
27.6693
48.8603
68.1794
39.8835
18.8027
13.0532
32.8356
27.9419
52.8440
116.4994
77.3134
58.8474
76.0983
81.4435
53.8977
21.4088
77.8182
65.0368
6.1738
9.1168
31.3868
23.9225
52.3769
76.8073
45.4604
53.8987
44.0386
44.0160
90.8973
63.3057
55.5779
95.9833
95.9498
64.2797
22.8237
45.5380
42.7821
52.6915
102.2662
67.7579
41.5860
39.9308
48.1756
56.6669
78.6857
94.4430
65.6603
72.4866
76.3109
95.9283
69.2193
59.3845
55.2999
8.7029
31.0951
26.2062
31.4975
70.3365
59.8663
49.7420
50.9201
60.6083
85.5857
95.1438
88.1812
83.0281
88.1090
81.3840
86.5537
100.8576
114.3206
126.8687
76.1388
37.7231
58.4069
47.6238
50.5571
44.7649
32.9978
53.9267
58.7171
63.3145
44.8490
11.3896
18.4885
68.3143
109.2258
114.3688
103.3221
101.1697
90.6636
65.5835
80.8277
84.9809
94.3350
67.5353
26.6746
63.5613
92.3023
77.8587
70.2314
49.6099
60.6248
74.9918
72.0175
61.1989
23.1071
31.8269
20.5753
28.2541
85.3638
101.8922
70.7622
39.0729
46.6661
91.8086
119.0476
65.0618
16.7808
60.8827
69.1199
37.6190
72.4931
66.2145
59.5388
94.0424
83.7464
43.0078
31.7313
33.6028
38.2404
92.0488
59.5436
3.0230
27.4555
59.0881
79.6793
100.9912
119.4193
93.2696
32.2951
18.0802
57.4098
81.2246
39.9508
53.4525
75.2925
33.9785
37.2180
34.3919
48.8154
101.7604
67.3077
47.3014
45.8307
10.5240
49.9373
75.5362
42.7414
16.5859
20.4318
28.0646
53.0548
77.2507
41.9077
12.7976
47.4816
78.1941
64.8466
89.0390
66.9981
34.0866
64.5780
86.6223
114.0201
109.6301
84.7728
48.7316
74.0241
69.8553
32.4351
50.5120
56.6245
72.7043
51.1849
34.7503
45.1088
58.7836
44.2705
7.2281
55.5404
113.6234
99.5875
102.5766
79.2963
19.4670
23.5405
61.2015
88.4188
48.4023
50.9831
96.9917
85.0003
50.2503
72.8283
88.2567
35.5570
42.6825
79.3673
92.0451
60.4858
58.2474
52.3371
22.2780
75.8102
85.6986
77.2272
75.5145
30.1007
66.9417
87.4390
60.9187
65.0460
61.1995
75.7229
93.7200
68.1046
64.4342
97.9150
86.1797
56.6910
33.4316
10.8629
7.3907
14.6501
27.2048
79.1704
64.7235
62.1835
116.9251
109.0372
105.9642
65.2708
64.2475
56.0327
41.3740
59.9139
47.2491
31.2418
17.1436
16.1949
23.3394
56.7767
69.8046
52.0393
69.4605
97.5630
60.6824
41.4400
32.7347
10.5705
28.6490
54.8457
58.4033
64.3294
97.3209
62.1999
32.9552
92.0858
81.3526
26.4502
62.0432
92.5357
77.8092
60.7231
30.7303
36.1356
34.4043
11.0010
34.1354
65.5923
61.3686
40.0965
64.6167
99.7696
91.4260
103.8834
100.2481
80.7004
49.5046
31.0301
39.9640
38.7714
76.2620
74.0079
28.8557
47.0790
78.0529
66.2200
68.3554
58.5768
31.4921
50.9611
60.5011
87.9547
93.0870
48.8290
77.6608
102.5522
71.1507
76.4040
103.6775
62.1520
50.5890
54.6229
12.0522
1.6888
22.7511
69.5275
51.0897
50.9924
81.1563
38.7145
31.0378
65.5108
49.2388
35.2058
75.5217
89.8759
72.4753
60.9668
61.3377
58.8626
51.6382
70.4824
87.5259
99.7406
87.4793
45.6686
36.9683
74.2848
66.1653
29.2344
69.9509
80.5801
68.7427
81.4359
62.3215
41.6542
29.5377
23.9883
32.0917
48.7669
90.1619
124.6966
98.7837
63.6133
84.6072
62.7469
50.5318
57.9381
19.7045
31.4288
50.5823
58.2356
51.3220
63.0255
107.4087
91.6464
58.8237
57.3866
75.0240
78.0130
89.7296
113.5469
117.8855
109.1218
80.2348
71.5567
56.0994
70.3544
63.3510
28.5767
76.3472
109.1304
102.7843
109.5150
92.9090
43.7698
22.9396
30.2737
25.4518
13.6600
24.6860
46.1652
57.1737
52.0251
38.0875
67.3186
83.3074
47.2478
48.0330
62.0684
76.7904
72.7710
66.4947
85.1773
84.5893
53.9422
62.3039
85.0909
95.8426
105.9215
86.4270
106.7221
96.1623
92.3585
63.9291
63.1742
89.8588
48.9804
61.5717
64.4072
53.2770
34.3509
64.7941
96.6364
45.8403
44.3899
43.9694
68.9062
114.9401
58.7791
53.6698
81.4038
52.1342
70.9380
47.2056
34.6237
64.0124
42.5752
75.1641
89.3112
36.0683
18.0046
44.1976
88.3630
65.1416
31.7443
75.1710
65.6049
30.6172
74.4187
70.4129
58.5792
105.4306
64.6745
5.9990
62.6405
67.6427
57.9651
58.4115
26.8303
73.5444
113.6750
102.4175
78.2368
70.5296
80.1214
73.3405
79.5452
82.5265
78.9702
59.0931
35.1974
83.6819
120.9327
82.4182
79.9239
119.8495
108.1565
104.7464
124.0324
105.3267
56.7554
55.8833
64.1621
61.9569
92.6272
111.3888
117.7232
101.9911
73.7992
46.9807
30.7786
20.3526
13.9327
52.5693
50.3640
49.5484
45.4105
28.6415
34.5153
59.4218
50.5382
39.3998
48.0423
41.4923
51.0980
54.0701
53.0595
72.2941
85.4074
63.7251
69.0411
43.6909
32.2317
40.5203
72.1757
85.8342
56.2148
41.7609
25.7263
49.8265
89.7625
82.1833
92.3143
92.3209
85.9346
102.7908
104.4539
90.7836
96.6754
75.3677
62.6607
49.1196
47.0870
57.3349
47.1662
72.2422
44.5628
22.5742
44.2789
94.4092
71.1206
41.0347
42.6712
39.9950
56.3342
82.9146
72.4996
34.3043
67.5455
57.5466
73.3712
96.1307
54.1689
30.8965
60.2531
109.6432
75.2815
53.0736
75.6228
99.5621
117.3021
83.0629
34.7686
66.6360
90.0123
92.6187
114.3685
78.5443
75.3257
62.3118
70.3035
107.4857
105.9910
61.3245
33.6961
75.0029
87.4723
44.3333
6.7053
55.6466
114.2358
119.0280
102.7023
60.9024
64.4604
102.9567
82.9789
52.2383
74.1514
66.8747
53.6618
99.0689
71.7232
67.1760
117.1130
91.1599
39.7152
70.9180
72.8886
51.6133
77.4953
61.8963
74.0223
110.9865
90.9086
81.2734
104.7023
83.4951
56.7530
37.4293
60.7834
78.2816
89.7943
116.9781
55.3587
16.3728
19.6281
45.9504
56.9205
23.1315
23.3347
57.0496
56.5915
50.0040
64.8530
77.2001
107.0674
76.7887
70.6489
75.2598
67.2279
64.5853
24.0896
47.7205
92.1192
72.8151
43.3885
76.2627
113.8828
117.7977
75.1185
29.3452
22.8098
12.7124
47.2625
89.7888
91.8060
71.1880
33.9641
44.4069
38.2498
3.8307
56.3027
72.6768
42.2273
49.8259
90.8081
81.5691
69.1825
59.3136
46.0501
57.9783
48.9361
58.7596
76.1074
103.7776
114.3168
69.1950
60.1868
51.1085
30.9716
27.9208
41.2298
72.6108
35.7986
4.7704
19.2423
62.6010
49.4670
51.9296
74.7633
92.2149
94.9819
58.4334
71.2509
76.2073
44.2172
43.5939
86.3671
85.0726
43.6319
34.6532
44.9249
85.4419
117.0364
65.9100
53.4350
81.9084
78.0120
76.3916
74.8976
49.0424
49.9229
63.4862
47.3874
56.4772
58.8517
75.6057
66.9943
75.0856
105.8549
97.9427
68.6832
59.6564
98.6070
106.6224
73.4247
46.0139
48.8673
64.8820
93.4396
69.4209
73.4479
110.4324
73.3992
60.8171
70.4873
94.7203
79.9591
79.3212
65.0907
28.2139
27.3999
47.1032
58.3027
25.8803
22.7624
12.2445
15.9869
62.6642
80.5835
61.9864
40.6445
17.1843
30.7633
84.2732
104.3403
81.7506
67.8453
43.9096
53.2729
90.4365
75.9183
74.1803
55.9337
65.5046
120.9723
108.4570
88.6294
55.8584
59.0053
64.9502
78.9746
118.4752
82.5486
53.6391
47.0951
23.6042
48.3154
87.1423
53.8476
14.1826
37.9691
40.2091
32.8866
35.8974
67.2945
118.6834
78.9115
66.8310
105.0942
90.2355
50.3152
70.8365
72.2849
41.7071
86.7996
99.3089
53.6068
66.4199
101.4693
69.4268
33.5804
49.1766
84.5755
78.7384
56.3845
73.9715
88.8249
54.9479
40.9000
81.8018
109.0101
76.3761
63.3467
77.7056
48.9969
54.4792
90.6347
54.1083
31.6626
84.7650
109.2817
106.3332
112.9161
114.4612
102.6277
65.6374
68.0055
92.0418
104.4151
68.1294
43.9684
79.4885
84.4339
95.1998
68.9257
79.8819
73.6578
29.6830
28.8152
32.1162
38.4173
71.3552
86.7297
54.7565
29.8813
69.3276
112.5563
82.9163
66.0411
75.9450
102.8765
119.8942
111.6314
94.9562
102.2030
110.0886
105.6282
58.5617
28.2456
51.9409
46.1419
39.2920
73.8597
66.1798
62.2533
99.2279
65.3207
68.8179
61.5105
52.9072
51.8352
62.4077
108.7229
84.1194
70.5445
60.2975
46.0447
56.8866
32.8483
51.1929
65.4465
28.8611
56.9538
54.3814
75.8503
89.1091
66.3851
82.8904
47.9697
65.1669
60.4027
12.4390
48.3594
49.3348
38.9252
29.3343
8.0626
7.3824
5.6381
44.4106
88.4315
75.6757
41.6096
28.0923
54.5331
86.4401
67.7024
49.0238
81.4507
61.3654
61.1933
78.3216
47.7950
46.7953
33.6744
44.4431
62.8496
42.8902
54.2277
57.2702
27.8150
73.6280
97.5039
77.2756
100.3459
68.5930
62.9368
107.0280
88.5999
65.6162
50.3473
26.8164
52.0362
96.8930
76.3565
52.9988
64.3958
93.3201
103.9457
46.1509
28.9040
68.6258
53.0738
48.3328
58.6531
48.6159
30.4137
53.7827
81.0717
76.3507
57.3389
71.5851
93.5972
73.8363
91.9182
108.3243
110.7673
64.8661
69.8291
97.9347
78.3185
85.8161
78.5911
46.2230
62.6620
107.7734
107.1616
86.3232
66.3817
30.7882
7.1681
40.9723
94.6933
89.9537
41.9021
32.4863
44.2921
42.0209
21.7079
40.2029
70.1534
94.5730
103.0100
49.0969
63.9996
63.7443
30.6238
23.5747
61.1964
80.1444
56.7155
70.5731
83.3192
88.2372
82.2123
67.3948
69.1514
105.6737
62.8156
34.5226
35.7382
24.4646
65.2565
97.9174
109.7117
96.7982
66.9539
53.9982
45.4378
52.3962
47.5840
32.7282
26.1564
13.2537
45.7430
83.1270
46.7724
10.1400
11.6935
20.2332
31.5626
60.7218
70.7417
55.5513
35.1164
55.6202
93.5178
79.6701
54.6714
52.5499
58.6339
70.3428
50.6664
20.3820
40.6998
31.2975
6.9148
40.8100
61.2354
65.5755
45.6101
37.7971
80.9680
107.2360
78.2220
64.2043
89.6952
47.4887
68.4293
81.6599
57.7450
45.1421
13.5883
6.1447
29.8817
78.9959
99.9757
90.4945
67.6825
53.7224
42.8172
20.7617
23.8860
44.5993
68.2019
64.7923
69.6837
55.8801
30.7871
72.8280
60.7318
17.4552
56.4532
94.1242
80.7707
49.7796
37.4546
38.0266
67.5928
94.3630
72.2516
74.4651
45.4468
8.9911
7.0279
49.6060
98.8502
108.0193
106.1777
74.4328
55.9806
54.0134
62.7823
67.6201
92.6398
119.5185
107.0603
87.7936
42.1609
50.3349
82.4958
72.2661
71.4267
54.9527
26.1179
58.0946
107.6118
78.1728
39.8121
31.6362
74.6558
90.3533
80.9845
95.8471
98.8722
76.4646
71.1369
97.3155
103.9036
107.4743
90.3594
43.5026
26.6265
32.4882
50.1240
86.7899
81.9542
98.1376
124.8630
91.8195
36.5820
21.7562
19.1517
29.9396
73.5978
57.6030
57.0238
111.9717
112.9342
80.8715
40.6381
34.8556
89.7014
88.3716
26.3975
53.4590
110.2179
118.6420
117.2803
68.7024
31.6499
65.0454
70.5968
86.9142
99.0753
93.3789
75.3069
34.7272
71.5162
113.1080
69.2206
29.0246
62.4698
70.7390
37.4478
31.6459
45.5851
53.5525
53.0752
51.3158
83.2960
74.7028
24.1872
47.9780
79.6016
78.6903
68.6776
47.0007
60.7443
98.5550
102.8328
76.0826
29.1947
55.9025
80.7180
42.1578
67.6947
97.5902
106.9606
98.0211
56.3747
64.1842
69.6244
41.2896
31.3981
26.6049
62.8056
105.3159
74.9789
41.5739
46.0845
44.7689
77.1048
69.6348
23.6136
32.5839
55.7899
70.8461
57.7902
72.3176
88.7691
67.7438
55.4655
28.0565
5.9640
29.5166
78.9541
55.2410
19.4159
79.2194
102.5270
60.4310
44.1148
73.1144
54.9975
51.8264
73.8929
82.5770
94.4332
57.1943
19.2100
37.7712
74.6594
52.1131
32.2802
79.9358
115.8091
55.2426
35.4083
78.3627
78.5616
51.4994
76.1427
64.0541
55.2030
53.1779
8.1494
40.3960
75.7065
71.4267
78.6786
94.7767
104.2232
60.5601
37.3957
87.0665
116.2882
80.4020
74.5732
111.4650
117.1656
120.2502
111.6903
96.0711
94.3019
71.8111
53.3729
62.9871
73.9009
93.0121
64.1366
67.7284
69.3686
18.5313
38.5834
77.5487
58.9382
83.3747
78.6944
36.0864
84.5167
72.8101
31.5136
67.3096
54.6059
53.3422
107.1265
70.5608
52.5468
52.9163
69.6295
99.9511
68.2380
69.1682
76.7134
77.8933
75.0621
61.4726
40.4872
55.7168
59.2318
54.1759
86.0571
83.6087
51.1154
44.4805
64.1574
42.8197
21.7912
18.3262
56.4016
54.9960
20.1270
55.4665
77.5877
46.9886
53.6712
98.6796
93.3146
92.6827
72.0448
31.4575
73.4098
95.3287
39.5636
62.2967
67.2788
24.5485
70.1176
85.5106
82.9164
59.4572
27.8487
25.0031
16.1536
35.4605
37.2047
60.8684
52.1503
40.1522
62.5992
50.0163
53.5498
86.4805
79.5740
62.9562
74.6026
72.9291
83.5807
50.1378
33.9532
44.1659
46.8856
43.8492
42.2273
59.7718
53.2311
54.0492
49.9597
74.8588
101.9784
103.7670
76.0186
62.1937
66.6953
42.5441
32.0885
18.6250
35.1751
53.8862
67.5107
100.0221
88.2398
57.6969
53.9950
93.1304
109.2762
71.5938
76.7670
111.3105
58.3135
6.9411
68.1727
86.0506
79.5245
58.0247
33.9607
56.7610
80.7017
78.2011
55.1259
95.8964
112.4225
52.5982
22.4498
57.1851
85.0273
106.6554
117.9330
80.8938
61.1412
100.3686
77.8666
39.9901
81.7399
72.9245
68.5422
111.1048
67.3945
38.5246
42.6450
34.9003
73.5186
92.4150
41.3658
15.5352
71.9042
68.1327
19.1078
67.1422
86.3840
78.5850
94.9993
102.9839
77.3816
31.0726
30.5751
79.2218
73.5441
13.7513
44.7203
44.1881
45.7768
64.4045
64.7612
96.5816
100.1665
106.3809
115.7076
64.1520
63.3946
115.0235
61.2291
7.1783
4.6279
37.3396
93.0406
59.0048
10.3214
39.3570
62.2341
31.6327
25.1623
63.2342
95.7195
100.0437
74.3993
61.8327
71.1444
53.0751
36.0241
68.9191
76.7603
83.1101
55.8984
16.6597
30.3762
18.1366
42.1574
44.9957
58.9200
80.3231
77.9311
69.1542
37.9679
48.8038
76.4037
51.2238
37.8228
98.7664
77.3891
36.9846
56.1053
36.7875
22.9653
46.1265
44.5555
41.0373
59.0460
42.8645
16.2927
38.0099
67.5457
84.0905
63.7788
40.4937
28.5764
12.5245
64.1453
63.9980
35.6387
44.8471
27.4036
26.1646
19.3822
56.6867
60.1454
42.0338
87.4685
60.6078
13.1502
41.0066
38.5238
63.3933
122.3583
116.9772
109.7183
119.3204
87.3401
52.4826
72.6831
103.7131
94.4548
74.9000
74.6678
49.6990
38.5970
46.9427
76.2288
99.4491
48.1600
60.1746
73.9702
78.7798
122.6353
96.7231
53.7634
49.2202
43.4040
23.2630
17.6023
54.2129
109.0566
88.5034
32.2096
43.8022
75.3980
59.2716
72.0433
74.0783
82.4353
100.8842
52.2552
13.4592
42.7290
69.9101
93.3389
82.6577
82.1182
108.7740
79.7407
62.7158
48.8666
37.1696
56.8018
60.1027
29.8641
23.4381
42.6209
84.3555
74.9550
50.9290
61.1101
42.6351
73.8235
72.1899
59.4320
63.4984
48.3849
78.8114
95.9312
82.6620
73.6461
56.3111
19.6174
32.3232
85.7874
91.5793
52.8090
22.4772
57.3553
92.4122
49.1350
21.6519
64.6385
81.3858
52.3780
45.6884
36.0510
52.5811
84.7706
73.6139
32.6606
41.5422
79.6725
51.7015
68.5708
97.5188
66.4096
80.3272
81.3912
45.6484
25.2075
26.6467
52.6747
74.0033
51.7451
22.3267
68.0114
75.6757
57.9516
82.0592
93.2140
72.5113
39.5862
67.0769
65.2603
43.0884
80.0344
63.2689
25.2690
45.7636
68.7599
97.9584
100.1926
103.8182
68.9901
41.0663
68.9206
75.1931
47.7386
6.6238
17.0913
51.0997
81.7606
91.5664
103.6914
114.0769
108.5688
107.8842
62.9498
16.2405
62.6916
116.0953
110.3350
97.1522
84.0783
47.6552
34.3801
51.2076
49.1358
23.5718
34.5346
46.6532
53.4615
55.2844
24.5632
60.6747
61.7375
70.0990
109.4369
73.8236
43.4785
42.8795
77.0743
107.1740
82.0696
32.6176
47.2054
101.5045
107.7107
102.7007
97.1228
74.5453
47.8767
37.4885
80.8572
64.9945
59.6599
78.5246
86.8307
122.4637
121.0580
69.1803
58.3162
104.9863
71.9968
26.7985
60.9986
106.9452
91.6296
51.9753
33.5342
75.0869
110.6967
105.8187
87.1646
61.8609
84.7773
88.1377
42.2469
60.6668
54.7366
38.4746
37.1108
32.5767
30.8723
47.0747
74.9900
57.2860
38.1086
12.5927
41.8643
89.1575
76.0688
88.1765
67.1247
52.0768
100.6801
82.8980
67.9901
63.4648
62.8208
91.6675
89.8757
50.2895
22.2692
47.6543
45.0182
36.4515
91.8524
84.7247
51.1996
60.1270
46.2590
40.3738
47.0209
30.1738
59.1852
105.9968
70.1224
66.2320
84.6824
79.4208
63.6433
60.8240
46.4191
20.8402
41.4883
70.8636
85.1328
101.3613
127.5809
102.9824
78.8526
57.1302
57.4641
79.4732
41.5310
19.0439
52.5288
93.0042
112.8634
111.4463
75.5202
27.0094
37.8400
69.5870
56.1919
55.3136
52.5124
44.0358
63.5445
42.6692
50.2267
64.7154
48.6045
27.7730
37.8818
78.9093
63.2860
73.5237
83.0079
88.6454
96.5435
77.3121
76.6164
73.0120
53.0398
48.0109
60.7858
36.0375
18.6757
52.1704
45.3908
36.1449
81.7969
97.4507
91.7199
93.0226
62.9145
77.6706
112.7139
63.6181
50.7157
58.9803
81.2201
75.8589
77.0425
70.8503
34.0180
41.4580
63.6481
85.8788
77.4110
89.0200
53.0739
48.3221
80.4715
42.7883
14.5710
28.8861
23.6802
44.2153
46.5584
13.3433
23.8062
26.1097
75.4446
98.2120
85.7212
113.2014
64.6169
13.5050
51.8825
86.2716
79.1489
73.3844
45.9994
33.8606
41.6242
17.1103
14.4617
69.4763
113.4801
104.7034
66.4504
70.5313
97.3170
79.7000
75.1253
99.0088
122.7592
64.9772
30.0149
72.8167
57.3735
25.5005
22.2666
23.9280
61.2940
71.0876
87.7102
65.2711
21.9101
51.6339
49.5897
72.3469
68.6216
32.9649
30.2436
49.7593
67.2187
66.8963
52.8419
31.6903
68.0581
83.9238
40.4412
44.1634
52.1770
65.5901
105.3641
92.5560
60.1963
42.6446
46.0607
81.7164
76.9190
62.2423
89.4654
53.4273
42.4207
50.0904
20.9281
32.9142
31.9191
67.1597
72.3387
72.5373
88.0604
51.3901
60.5977
96.6036
62.9258
54.3471
72.0061
56.3991
96.5477
76.0297
20.2063
25.8399
74.5301
114.0362
98.0259
95.2632
70.9665
67.0586
101.4296
91.5232
96.4258
55.3374
18.7339
22.7637
56.3455
103.1963
71.5284
33.2775
54.1042
47.2382
60.4044
77.2167
83.6888
120.4749
88.1922
45.9577
45.2625
84.6200
104.7543
62.3883
57.9266
77.8517
92.7655
92.0778
99.6587
78.5944
56.9405
67.1782
35.2113
56.6256
71.6526
46.1294
78.9124
101.9928
67.4231
81.4449
68.6583
74.3256
78.0936
27.4577
53.5140
50.8680
43.9990
86.7792
81.7301
64.2831
68.1787
90.2598
81.2179
67.2809
59.6463
79.4169
106.7129
95.8460
96.6369
51.8404
15.9953
56.2135
64.7227
22.8079
54.5179
70.6818
84.1821
66.3597
9.2420
15.5505
11.5341
38.8129
42.4157
50.0958
73.7734
52.1568
53.8230
87.9480
105.2580
86.4888
92.1554
115.3623
90.4895
75.0916
57.7851
52.4517
68.0624
57.8945
58.1226
41.2736
26.4995
36.7380
70.0659
59.6257
16.0180
62.8666
91.7601
66.0250
94.0106
119.9738
89.9707
80.5300
62.1983
68.4799
100.0855
46.1688
32.8575
45.3102
77.0158
68.5869
50.0190
74.7399
45.7983
19.8350
34.5440
85.2459
68.1068
69.2026
112.1637
83.8443
61.7628
32.3993
10.1181
50.9210
54.4139
16.7570
36.2209
81.4831
66.0385
36.3840
48.8157
43.2192
28.6115
38.9279
63.0311
52.8599
18.6622
57.3298
54.9321
48.5804
109.3681
84.1089
48.1394
32.2701
70.3768
117.7359
66.3556
60.8861
95.8229
52.8866
37.5420
62.6834
81.0749
96.6932
81.4766
77.9235
89.6058
70.7137
49.1909
65.5352
103.9677
100.5055
95.0865
86.6882
47.7882
48.1214
81.9077
75.6096
43.7517
28.9405
13.1459
66.0314
116.7090
66.4589
14.3613
53.1887
52.9189
36.8827
47.4238
76.2730
124.2876
113.3790
90.1867
60.5411
36.4518
31.3552
55.3786
67.5826
46.1645
67.5853
62.1193
67.3783
86.7330
80.3072
76.0157
77.0134
73.5563
57.4038
89.5564
118.6180
104.8752
100.4774
86.4705
38.8335
49.1259
65.0206
86.0650
78.4442
38.7600
33.9358
19.0811
13.6343
14.6538
52.9686
56.7720
44.1620
69.0606
60.2881
86.5422
101.2337
54.2080
21.3459
29.8063
44.3556
33.6513
66.3821
65.4988
32.1756
28.2121
22.2399
21.2139
14.0649
36.4845
84.8250
75.7200
43.9552
63.4589
46.2908
26.4478
30.4696
60.3050
55.9800
50.3760
45.1426
34.3284
34.3473
18.6888
67.4242
72.6433
55.7152
74.0739
65.7364
28.8625
59.2355
117.3785
70.9475
31.1179
75.8374
106.4069
87.7330
99.1049
123.7829
121.8562
80.7026
69.9107
78.2033
44.2498
41.2295
45.1101
34.7996
57.6390
74.2967
42.6233
24.5663
41.4687
54.7757
57.9329
39.0048
33.8850
41.0958
51.6567
60.2557
70.6065
63.5262
70.5020
106.3430
85.4069
42.2847
36.6242
43.0021
33.1351
29.6931
29.9040
34.9646
28.4037
31.7742
40.3862
83.4051
98.1162
99.3527
81.5188
19.3734
51.4266
79.2648
48.6179
67.6969
70.1013
61.9611
86.1314
68.2998
44.1491
32.3974
23.2175
35.3432
74.4843
57.0400
26.9566
76.8873
101.1826
70.5418
55.5320
45.9100
21.4404
49.1505
53.8171
52.7315
63.6961
33.1316
50.1699
86.5288
67.3295
41.6519
60.9300
84.7474
69.9764
41.4043
81.1658
82.1697
81.5307
96.3860
75.4032
65.4096
30.9071
23.3034
28.6182
42.7637
70.2110
68.6986
37.7414
56.5706
108.4438
122.1900
96.7185
85.1022
87.8505
50.2493
64.1286
83.1737
78.9298
105.9764
75.6506
27.5783
63.2614
112.1980
61.4076
30.8192
62.8227
61.7034
54.2663
69.9785
103.9276
76.4324
22.4347
48.3323
89.6985
96.3805
74.0675
69.2329
54.8544
39.9563
78.4348
50.5142
44.4785
65.1551
73.0730
78.6589
48.4462
58.7363
99.5294
83.8675
78.4238
111.1477
64.8263
34.2476
26.1043
41.0624
62.7459
46.3367
82.1250
85.7949
84.2452
73.7746
49.9142
69.7483
90.2038
81.5061
79.2669
75.6863
51.8079
71.2205
45.0977
8.0971
11.1709
36.8123
43.2604
21.0055
66.8412
93.1677
85.3400
90.5567
78.2514
52.3497
54.2990
70.4843
36.2614
70.1083
123.4072
86.1452
88.2413
86.0453
75.7687
71.2190
67.2374
80.8337
93.6952
97.5724
57.6277
54.8793
45.1598
27.7039
33.5566
44.5797
28.9507
31.5391
38.4097
67.9745
68.9850
30.4606
64.8423
49.4181
56.5147
82.7778
53.6498
41.3363
58.8811
71.9414
89.6972
108.9878
69.2984
79.5333
117.7829
113.1846
112.2864
58.3265
20.5260
39.4909
86.0575
118.6599
68.2938
72.5108
94.0980
93.1745
87.1853
61.7471
44.2804
17.8706
51.8083
61.5507
66.1231
79.9774
41.1569
23.6576
32.9342
76.1368
75.9387
58.3920
98.7044
109.0822
92.2846
98.8263
76.4552
67.6426
59.6944
36.0661
32.0531
26.8699
30.9833
17.2762
4.9984
6.5456
65.5159
105.0072
88.3063
84.5600
49.8418
37.6924
64.6810
55.3793
32.4763
30.9432
49.3939
63.4499
75.7979
104.4300
75.4185
33.4147
29.1325
33.9706
85.1509
86.0225
36.5656
23.6971
24.7559
12.8482
11.2271
52.6083
84.9678
53.3462
12.2014
13.4142
14.2198
23.2245
21.2823
38.0329
52.6038
20.7273
18.5676
40.2517
63.8224
92.5694
58.8377
52.7876
63.6549
65.6689
55.9386
47.6828
60.4949
43.6307
88.7932
62.9690
13.0212
28.7312
58.2234
85.7288
97.3884
70.7486
63.4758
58.8800
39.5430
67.5628
84.3923
49.8136
18.7752
53.1033
46.4635
10.1557
19.1373
76.9629
77.1247
26.5309
32.7888
76.3771
70.8581
29.2720
62.8638
97.5578
56.8041
55.8474
83.6556
70.1613
59.9391
76.1739
105.9811
77.9479
62.5534
75.4350
87.0494
84.6321
40.7117
43.9188
63.9406
90.9016
82.8337
54.1090
73.2574
41.6041
59.5541
72.4048
73.8960
81.7759
72.8721
95.2546
52.9784
33.4427
45.0173
34.7412
33.5907
36.2461
23.6302
11.9618
29.2635
57.7465
42.0691
42.1704
89.9789
64.5734
27.2242
31.9813
63.2026
58.0644
37.4476
85.7869
61.8661
8.2887
35.4633
70.7124
51.9466
67.5772
102.3224
62.4217
58.1747
96.4348
59.9091
55.1664
98.1546
79.0309
47.6323
46.5109
53.6890
82.2927
81.1007
86.9404
90.2267
62.2359
38.0957
21.2260
36.9991
81.1719
108.8405
83.5225
58.3847
39.3652
18.4841
11.7344
53.4842
97.2998
83.7731
92.0832
119.6580
62.0191
29.9060
57.3226
91.2737
110.6142
60.0362
58.5717
76.9451
28.8122
65.4574
75.7933
31.7799
73.3265
111.9272
87.9084
44.0278
17.4448
4.5076
35.2095
46.5286
