1784.2459
1139.2384
816.8053
841.5764
1667.4582
3401.1432
841.1186
516.0311
1140.4342
115.7449
173.0889
29.7019
13.6760
65.7500
42.9151
353.3996
856.7724
148.9398
235.6459
568.4445
167.3184
141.2144
177.8017
1261.2347
549.6251
178.0369
829.7635
1132.8812
1470.3329
1545.7262
1550.8800
2658.0306
523.6112
202.6868
270.2771
698.5513
342.1343
27.7789
45.5567
70.9642
138.2406
292.6706
382.7018
677.9074
364.4604
778.1449
2125.9817
2121.0086
668.6819
646.5548
1368.2097
104.9281
57.2585
88.6365
14.7251
107.3795
1810.3366
1683.7691
846.8485
1113.7741
2989.9467
582.2411
590.5504
143.1042
42.9990
642.8775
1421.9021
2204.3034
2563.3254
2375.8255
1160.5329
934.5667
1615.0117
1446.3425
1656.7605
1613.2204
406.5667
666.6369
3079.6790
1197.9028
132.5215
388.6916
1002.5940
614.0489
1830.3145
2516.9357
2364.1488
2652.9501
3440.4734
1752.3634
1844.4794
98.8073
1.4403
35.8267
903.4977
1314.2253
61.7179
61.2118
1046.3578
901.9668
1773.1328
1640.6023
1661.4658
1490.1413
1825.8715
601.6305
243.3142
26.5097
4.7821
168.7060
3052.1985
3192.7366
2427.1142
46.1172
27.8934
1556.8778
2844.4046
2191.5361
632.0830
695.0385
844.0227
496.6962
646.9328
1109.9338
2178.2457
1003.1940
1108.9321
1959.4642
696.8723
1080.5123
2970.0012
2698.3735
2058.8717
1906.8761
2334.6566
36.4417
10.1583
24.2137
108.7000
181.4290
168.2519
1990.5561
19.6357
24.0353
1825.8445
1964.7836
2406.2635
79.8075
90.7831
2956.9479
3034.1510
1076.8891
265.0755
725.9438
3461.9315
1120.7949
12.7974
7.4522
351.2445
151.7710
163.2660
663.3943
90.1965
148.9588
866.9858
830.3579
866.5980
161.6704
257.0988
2355.1742
2625.4398
326.0708
59.5691
106.9366
233.8587
1131.7415
3340.8654
60.1605
48.8387
2930.9074
2393.9631
1193.0348
1149.7762
2578.1462
2794.8308
2144.9571
2172.0659
861.4338
620.5480
273.7097
106.9951
690.3298
2689.4808
197.3702
162.7108
1331.6366
1447.0917
2276.5456
2659.9128
2120.4928
1695.5952
879.9007
484.6524
958.4673
1057.2840
861.4905
149.1437
35.5807
40.8731
313.6225
2809.4233
213.6295
114.6774
894.2867
629.8584
958.5034
1298.4779
792.7396
46.8153
49.5388
844.7695
608.9470
698.8691
1369.1713
2487.7251
2765.0656
3312.2823
3506.4556
3639.4657
3068.7506
220.4025
4.2792
28.6336
841.1627
1352.9322
2425.5666
126.4139
119.9091
514.8522
553.9690
3454.9618
864.7155
400.3016
1045.3302
277.8327
326.6583
5.5830
3.5390
1059.4414
1066.5872
72.7083
163.6984
2929.4248
1524.6673
1720.4405
2604.0031
2801.6983
2858.3875
1343.6154
1705.1342
1764.8694
1060.4536
125.0798
0.5992
7.9274
1916.0647
2705.6355
2996.3821
2223.2812
2230.4166
881.9977
217.9045
42.5807
195.0926
2185.2919
260.7887
348.6885
3406.0917
3830.4461
2190.1671
1935.5918
475.7395
495.0124
1243.3203
307.7663
200.5294
35.1896
94.1811
1786.4931
1081.9061
260.9995
151.8705
215.9895
751.1231
2056.3997
2325.9959
154.6031
3.6333
2.4557
59.8236
1328.0737
1340.3459
1462.9312
1150.8235
937.8726
1355.8406
833.6093
748.6078
1752.0820
2062.5203
172.6791
228.2889
1133.6212
405.7557
683.7745
2461.0105
1352.5439
298.0051
689.3388
2515.7848
1807.8064
1006.9619
1106.2336
1484.0716
64.5145
98.3626
1489.2170
842.7846
214.0341
279.5006
278.5033
179.8969
537.9205
873.5524
1929.5988
1610.8160
130.0603
140.5188
433.7096
566.3226
879.2293
980.1637
644.4307
131.8284
59.8158
56.0845
362.0909
824.3622
348.8712
193.3540
107.5945
133.6286
897.5920
884.6083
636.1737
173.0878
30.4738
217.6605
325.5734
28.6923
184.4878
2647.7142
1427.6641
104.2440
190.1486
2550.6481
189.4297
109.0329
888.3860
204.3328
147.9315
804.8416
590.8388
716.1682
1266.2850
2200.7023
1626.4114
1317.7800
685.8368
606.1784
2266.6709
1275.5624
620.3022
420.0840
774.9013
1555.7529
1574.2215
1323.0870
417.2575
423.2920
720.9624
1313.7972
3029.3158
1171.2110
665.6507
77.9899
101.5835
1104.1134
612.0869
1381.2127
1823.5910
642.4799
94.1829
86.5062
497.9842
800.4518
96.8466
194.4486
2038.2347
1668.3229
3197.4371
1620.7949
583.7191
600.5712
591.8751
1410.7449
2415.4232
1637.2687
1242.5312
41.3021
69.6861
306.7146
244.2446
1717.3670
1467.6108
526.4907
676.6573
1744.5403
1561.4708
1862.3766
2492.1725
630.5764
2.1431
5.5274
1095.0881
1381.5232
70.7257
50.8255
45.5646
61.0255
1117.3984
844.8446
180.5750
274.7286
1156.9615
265.2416
428.0721
1279.5394
381.8426
63.3937
324.4788
3346.4832
677.6882
172.2883
697.2288
2230.6432
2599.6458
1664.3136
314.9325
558.9530
504.5879
476.2922
472.3663
85.3103
419.4771
2701.5645
1164.0376
634.5360
205.0009
300.5416
1352.6736
501.3898
888.0218
1476.1187
501.4962
363.1449
893.7682
136.1968
15.9566
44.6726
8.0395
9.5144
439.4793
2252.5692
1974.8575
791.5345
1215.2855
2022.3983
544.2850
1056.5761
2319.6384
84.0217
123.3790
1037.9020
520.3020
500.2191
804.5703
2530.4548
734.5581
435.3462
1007.2034
12.5754
2.4368
185.4648
1562.8595
266.7535
340.2150
2064.3952
1539.1279
513.5090
11.2759
58.3413
1295.3262
163.7892
216.2873
993.4547
1237.9305
1478.3206
2515.7980
1154.9851
201.1356
209.2808
1111.8010
359.5671
274.5120
1722.7039
268.0041
328.6432
460.1054
537.7680
2729.0787
2024.0625
306.9283
65.4459
229.8437
855.3989
775.3097
1413.9510
1409.9007
852.8337
2174.3064
2406.4248
525.7154
779.7698
2480.6753
1607.3352
2258.6005
2264.3468
793.7961
83.7080
154.1371
1424.8351
2037.4076
318.1687
321.1315
900.4325
453.5718
460.4591
486.6403
1550.0893
2126.0210
1343.3907
136.9438
113.5715
1807.3340
882.2880
744.2269
2164.8414
161.9572
237.4613
2894.2738
859.7088
392.9961
1421.2333
2530.0573
123.1822
8.2708
156.0883
2877.1337
1877.8374
1866.5677
1999.4102
951.1189
744.4213
1932.6082
1524.1267
72.2158
143.3196
2568.4455
527.0775
133.4072
1.8610
8.1768
1140.8059
935.2519
2920.3542
3598.0559
2689.3942
1056.6964
891.3702
1117.4965
1204.9429
2648.4672
1032.8554
698.0610
2494.8389
1683.4084
1502.5488
2321.6591
2239.4685
2670.2404
3137.8486
3674.7035
766.8274
683.6195
943.0500
741.2815
1228.9700
297.7567
126.5580
98.9522
301.2250
1217.5734
2044.8438
3021.5872
1573.7216
1600.3013
2632.8585
2998.5351
512.5713
69.7782
404.6433
54.7812
65.5617
1678.6118
597.5890
1043.9343
2868.1145
3422.2383
2016.6607
597.4178
220.8702
138.3091
80.5216
218.6824
991.8228
204.3178
97.9440
849.1307
69.5381
28.2719
39.1892
8.7011
214.9987
78.9037
102.5595
897.3130
42.6994
178.9330
1086.1228
1038.8593
3382.3477
2019.9875
1117.1624
810.6655
1498.8126
1933.3560
803.6071
1292.6910
1218.8644
1431.2815
2534.2204
780.2519
487.6629
1208.4100
1440.2024
471.7633
937.7060
1143.6403
420.4699
851.3491
1371.5809
1425.9995
1115.7471
1113.5436
1340.0862
14.0369
4.0355
628.2488
1846.9168
1290.3362
899.2600
101.5649
186.5862
715.6556
156.5944
204.9490
358.4769
573.1351
998.3301
496.8146
431.8626
129.4396
376.6243
1498.9335
463.8852
650.0247
563.9340
513.0562
950.0172
238.9549
449.1086
339.3738
364.7039
3058.2793
1052.6697
212.2611
150.0707
188.5384
420.7663
544.4664
116.3302
402.3815
3228.1890
3277.3854
2152.3059
71.2280
46.4556
254.0052
81.3603
398.6957
334.8996
426.5399
315.3524
300.2893
2791.2121
1189.9724
853.6115
1033.3207
1024.6549
1169.9488
130.8343
74.1173
609.7421
1554.6636
2801.9080
1851.3863
285.2146
420.1123
1310.7156
445.3794
942.9279
8.4864
7.7852
2412.6641
2636.7627
2092.1829
105.1408
160.5748
259.3367
216.0210
2163.0539
2458.2652
1656.4275
594.6961
226.7056
30.4949
119.0669
400.7900
495.0390
409.6324
5.0032
14.6307
1248.8949
480.9345
77.6739
329.5329
1155.4058
781.0027
883.4871
364.2658
246.3825
512.8844
660.2252
1681.5200
994.4358
481.5956
753.4774
77.5945
145.6622
3112.3155
2227.3653
1430.3335
815.2095
558.0142
94.4344
214.7576
1385.4238
121.5770
207.1527
399.3980
590.7596
3209.9962
0.6213
0.2545
118.5159
274.2744
2947.9866
2293.2375
1257.7013
374.7103
131.2916
379.7623
189.8860
190.6956
801.7219
1008.2655
1877.5693
1326.2740
272.9105
83.6806
55.9056
372.2449
3507.2656
745.8648
96.4054
188.5581
1174.5233
2776.7391
2053.9255
1846.8860
425.0733
329.7324
1039.2711
1151.7680
856.0624
484.8895
100.8932
37.6058
171.5823
13.9883
19.0877
618.3536
1361.5231
2231.8735
1795.2078
2154.2237
2389.8727
2497.2165
747.4119
875.5344
3248.4868
2082.5582
1734.5935
2176.6464
2505.2536
249.8887
86.7358
477.9861
713.3426
516.2562
853.9423
2767.6243
1777.6754
162.6196
318.4811
128.0021
41.4771
418.8502
280.5917
381.4405
182.5771
129.2132
512.0039
654.3203
49.8807
67.7942
1283.7277
5.3884
7.1383
927.5324
721.1262
1744.2152
1346.1253
1280.3872
1769.7635
1204.7230
797.4114
736.1063
555.0162
619.9185
436.0920
626.6377
1142.3792
393.3756
349.8268
34.0182
61.3888
1760.0934
2935.9154
2009.5085
1673.1660
1597.7134
953.2960
1306.4835
1702.5194
214.1403
5.6848
18.0316
64.7646
104.4722
145.2083
317.3697
285.9066
215.9408
1446.3158
62.2876
120.7531
1854.8508
1756.7342
2834.9540
2116.8539
917.0774
253.4557
259.6850
840.2284
1116.9141
754.7581
958.6443
546.7315
289.4052
482.1677
821.0100
1706.2104
2770.2079
3314.1373
1874.6408
620.8165
759.3771
1591.1764
833.9097
426.3395
839.0636
565.2002
598.1825
1781.0485
449.3979
131.1492
795.6613
1145.8379
742.6629
1240.8478
1417.4560
1603.9059
1642.2150
1064.7577
943.8140
2038.3813
2059.4928
2477.8584
1564.5631
195.7495
112.9309
724.9429
2438.5574
508.7664
174.5006
983.3147
329.1820
24.6365
147.2070
1990.1236
2259.4167
1201.9573
1531.8821
2783.8367
888.9997
141.1814
429.6104
819.4457
394.4723
1104.4060
66.9300
22.7153
219.2127
17.4151
74.5500
2390.4256
538.1924
798.3610
2104.9845
1827.4676
2007.9568
427.9418
479.7044
1411.9191
794.4370
703.3142
687.9954
1011.0538
2487.2737
1235.3378
1181.2902
2945.9966
2349.4594
2661.4645
679.4737
272.9734
470.1985
482.2617
207.4796
110.7935
132.9700
25.6921
33.5648
482.1586
904.8939
203.5248
427.5088
1125.1920
303.6727
763.8948
3275.3878
1098.7352
47.0208
5.6212
45.6823
645.0530
1216.6312
1424.5322
827.3223
363.5933
42.0461
160.6653
3538.7742
2775.8972
1353.0672
249.1236
62.6416
167.2536
1030.0242
242.3599
268.4386
3076.8654
1882.8163
1139.0858
1996.3141
1193.0945
9.1157
19.7067
284.1851
173.0063
488.7618
519.4585
184.4307
165.3247
1159.1114
1107.9833
1028.6793
151.6246
62.6298
373.3358
305.1180
589.2898
196.1826
226.4639
1644.3572
365.4895
221.0726
589.9643
2019.9296
3659.9771
678.0275
51.4941
219.3922
2264.0910
610.8275
72.8367
226.2991
1213.2832
610.7242
186.8936
374.8646
2377.0097
3121.7696
2182.8437
2072.9537
105.2072
54.9930
794.7650
437.9116
932.7365
3632.9186
324.5152
238.9918
2225.1566
302.8683
246.3130
2656.1356
1743.4527
1384.2161
2320.6086
437.1496
580.2640
2753.7582
1894.7686
1874.9467
1866.3134
554.8856
289.2228
240.1809
492.2732
2703.3870
850.6470
200.2719
353.9382
625.9448
1228.7602
1249.1821
684.6394
866.6680
1860.1412
1703.5215
1895.6097
395.2095
226.7647
949.3837
369.9073
825.2991
2874.6661
1335.0739
771.9421
564.4988
392.9018
768.6824
1952.7021
1697.7837
1294.4020
787.5555
63.7204
51.7047
295.5336
901.9734
3060.0606
1829.2895
314.4192
478.4351
2385.7734
899.1479
950.9094
2465.6507
666.2459
495.2397
1201.6696
1827.2360
2316.1668
73.9423
4.5598
79.0116
599.4881
746.5119
1157.3466
1745.0725
89.1231
44.5772
473.1564
1064.9445
1238.7460
1251.8990
340.9202
226.2741
1222.4815
1109.1707
1359.3109
1226.4064
1145.9565
1749.0812
985.2348
605.3201
178.3534
170.5390
1511.4285
1833.6595
852.3218
45.9851
7.5603
31.8825
512.9142
3206.9666
2465.4038
1669.0895
1700.0205
1874.0495
541.0751
200.8424
859.2372
3880.2604
1488.6154
531.5604
202.3014
271.9812
1095.6077
325.5587
447.6832
3127.7640
3265.4418
1700.7854
273.2249
426.3388
1626.6078
503.0998
99.3022
343.9667
2318.6667
197.6327
207.9559
2657.8522
2813.2646
1791.4508
923.3890
842.7344
1670.2332
1247.9537
280.1950
15.8708
67.5666
404.2514
301.8086
752.6693
1109.8320
998.7388
45.8372
63.0427
1210.1769
2441.6992
1418.4365
757.2703
990.2677
1278.4407
127.5505
1.1891
3.7899
425.0123
1681.4515
583.9117
359.8790
1358.9994
1588.1180
849.4842
209.5489
301.7243
1882.4093
1558.7242
281.8939
30.1127
222.7550
1155.8755
717.4654
2136.9175
1200.7623
665.2436
499.6230
86.0801
44.1871
345.1374
349.4183
333.2826
885.8647
1429.1268
1062.4702
966.2056
1187.4554
755.4013
633.0892
734.9275
1684.5701
2153.8250
2625.6913
3150.0691
2061.3082
63.5968
8.7060
35.6096
82.0052
244.7556
1395.3090
1130.0644
678.5209
1239.2488
2102.5184
1300.6818
1026.6397
554.4239
220.0080
64.5362
221.7388
2131.4458
3.3868
4.4037
2075.5603
1518.4965
1979.5062
3959.1797
649.7261
423.9310
1472.7889
1588.2706
66.6679
92.8339
1668.7825
353.4576
631.5484
456.7234
308.5954
1742.7045
1886.0039
1.0314
0.3663
448.7678
1571.1351
413.0637
599.5988
1841.0175
106.6459
33.7334
87.7589
149.4100
246.9413
628.2384
923.1052
291.6389
532.2308
1382.5787
1710.6125
829.2970
911.7104
661.1633
350.4950
1648.6178
3135.3792
2049.7455
1800.3901
1934.9441
1453.6080
2181.6549
2506.8085
1658.6502
1145.5564
171.7709
327.8110
558.0616
231.2165
494.4333
161.2659
496.9569
3999.1784
2585.9822
1180.0452
233.1520
282.1601
677.0418
663.8706
968.1161
119.4572
262.3272
3833.7220
1159.0004
681.1561
1744.5396
1696.0690
879.8985
1555.9741
1821.0118
240.8793
272.5329
257.0373
66.7369
146.2442
898.0120
121.4553
110.9535
2717.4522
3443.9652
810.1550
825.1327
3025.7122
1987.5961
2587.8027
876.8723
789.9683
2161.8053
2369.1123
3266.1837
2801.3632
137.8573
133.7091
5.1899
6.3861
3782.5006
1368.8467
55.2746
152.8730
1764.8855
597.3221
384.3084
273.1559
240.7429
459.8752
1631.7172
1365.2935
775.0376
1169.7789
510.5827
654.0089
2622.8364
372.5163
56.8251
477.5596
597.3174
497.0791
1769.8547
1618.9513
1866.5865
2093.6956
2700.8108
3545.6849
3142.8549
2480.3343
1544.3853
500.4600
1002.7558
3573.0695
296.8508
307.0151
2705.2119
1797.5135
2006.6859
1643.2385
1481.7537
635.9316
74.9906
90.2244
157.1385
81.0602
241.9696
584.0031
722.3885
560.9315
855.7708
1311.5118
270.7855
378.1754
313.3226
209.4281
347.4360
941.2998
1796.5134
981.9773
1923.8294
3512.3264
247.7877
249.4174
2206.7409
559.0170
20.0149
27.4106
1144.5166
2661.8242
1610.6137
1830.1534
376.2893
411.9716
1413.7051
239.7150
78.2999
17.7619
98.5342
2460.4696
1268.3829
1015.5661
723.0596
607.9562
1295.4501
1288.1740
257.2194
398.1287
2615.5267
437.3082
179.3897
814.7535
1863.8628
501.2081
331.9383
89.9222
86.9265
1154.7305
1351.9778
390.2190
619.1127
2548.7695
3439.6981
1916.5478
1022.8710
514.1021
253.5833
1039.2068
1736.3848
1254.3157
801.5401
16.0326
38.4817
1173.0381
263.4512
509.2483
2742.7121
2368.5362
261.9943
247.5048
654.5051
291.7700
221.6079
34.5841
167.0652
907.6609
235.7814
692.5166
135.9092
34.3241
348.5745
1269.6244
2269.1208
2696.3296
776.3019
204.8972
344.1149
326.1213
623.9977
593.9017
112.3933
499.9364
1980.8997
621.5845
1095.8740
2406.6333
1502.5544
1213.7040
336.2965
604.9739
2766.0279
3110.7610
1298.9884
314.9328
744.6093
2715.6239
146.2887
146.1788
2633.5931
2207.3996
2237.7264
2623.0382
949.4576
391.9024
725.2298
364.4130
617.2006
856.6959
353.0302
880.3085
1197.6803
933.6413
1284.4406
243.0687
239.1835
2163.6377
2075.0177
290.6099
45.2378
53.9725
256.6635
1279.0505
667.1603
259.8974
175.6098
259.3867
222.8372
555.8235
1964.2765
134.9014
85.8043
52.2733
75.5336
1212.9857
1989.5286
1212.4019
534.9926
466.0758
901.9624
882.4421
216.7345
181.1242
146.5517
335.4554
49.9740
73.8348
2204.0602
146.9809
143.2182
388.5233
335.7416
1728.8253
319.8397
26.0701
9.9876
7.2118
70.2075
1064.9636
1230.1215
64.6826
76.8848
1662.7925
3124.7251
1412.0165
542.4089
1007.1899
3123.1805
2320.5169
512.8583
88.4212
331.7362
1385.7495
1554.1584
2279.3439
924.6592
838.7246
515.7676
859.7508
3420.5711
3602.5801
3887.1767
3185.1959
1377.2194
1674.1354
2071.5529
1518.8478
1861.0609
1516.2904
493.1911
541.7173
941.3463
734.6351
1882.5728
2065.3459
665.9071
947.0317
71.7624
17.0922
459.9144
1689.8764
955.1567
291.0843
213.5500
216.8833
104.2472
313.0823
1693.9868
1121.3890
1646.1057
3870.7384
2025.7804
1838.3519
1515.7334
1680.6382
1956.6290
850.1668
1426.8753
1595.3701
150.1801
199.6844
1995.7224
2346.1684
713.3067
437.8791
228.6891
220.6514
225.5037
22.4324
0.7996
9.7619
1762.7111
1501.9254
1225.7212
2459.7480
438.9434
379.0329
1807.0213
645.0609
706.6726
2019.7506
163.8291
108.9088
1563.0063
1114.5093
220.7451
382.2595
1782.6415
1180.5606
1605.9997
3301.9387
3405.4550
2791.6498
1384.3882
1438.7127
1794.3092
1249.1364
925.5652
1308.2347
605.4991
728.5684
1955.7267
1128.4243
195.5539
338.4881
2436.9189
890.7759
765.1940
2265.7036
1828.8133
1311.0360
1289.5411
1125.5211
134.1251
36.7042
381.9301
165.0757
25.0424
58.4361
517.5822
2187.5597
483.2579
252.6149
248.1268
214.3000
388.0112
1126.8399
3791.3009
2181.8111
1511.7280
1360.2011
631.3762
667.3007
1257.3128
100.8883
91.4705
1739.4482
548.7902
356.3871
160.8792
179.0012
928.1355
163.1693
250.6786
1335.6018
866.4704
230.6465
565.6009
1890.5652
484.5710
853.2236
1630.4813
163.8201
233.6276
793.5654
899.7691
488.3202
543.4884
13.7055
1.8485
125.9722
173.8250
51.3925
85.4348
414.5609
18.2716
40.0252
2063.7654
2445.9423
2399.2412
1389.3426
2221.5469
324.8466
289.1181
798.4824
258.5994
423.3196
332.5981
174.2724
291.8865
839.3116
1440.3431
246.0897
76.3796
25.4328
82.4910
1668.6530
651.7532
151.9703
302.9667
696.7192
220.0530
615.1141
79.5350
45.9400
1733.5420
904.9618
665.2995
1665.3511
268.9417
90.9799
587.5771
1444.5947
1654.1626
2004.9438
1584.8396
1860.8258
2118.8348
1682.5199
868.1100
732.0925
839.2859
394.5841
845.6548
1934.5911
273.0165
162.2317
88.0368
176.5521
1791.5328
2103.9814
3208.5817
733.9297
660.0926
7.8681
0.3111
106.6312
1602.0443
1514.7429
1658.9643
2065.0521
2561.4759
378.6292
414.7704
2019.1145
428.1688
170.5074
539.9874
1359.7247
2094.5678
1647.6313
1994.4474
1780.4433
402.7154
777.2774
1467.1408
1067.9332
550.0526
730.6065
255.1626
175.5407
2552.5005
1026.6573
1015.4852
1835.5206
1603.4075
547.2923
342.9071
1510.0809
200.9045
269.3674
328.7776
266.8725
2716.4841
2209.0469
1084.5274
726.7600
1270.2563
994.3762
409.9404
1211.9817
2698.2702
2472.4559
1500.6183
1417.0935
605.3587
617.6380
1536.5363
890.7330
1234.9555
285.9193
387.6760
677.4894
402.5756
668.3770
1211.8317
1053.9481
255.4604
872.9572
1889.5310
1236.9637
505.1783
77.8065
328.8854
495.7025
592.3515
1271.4360
7.2595
2.0386
335.6905
1093.1594
899.2634
844.6111
431.2147
975.7878
2432.7265
3227.8463
2183.6794
923.9650
892.0757
2448.2620
938.3505
312.2966
1114.4200
689.9083
250.8275
1140.8064
2134.0316
1986.8424
2617.5860
2939.7904
182.9241
47.5201
262.4878
396.0781
228.8641
23.4694
23.6877
123.4829
172.0101
294.7228
343.9251
104.5754
355.8113
2528.7403
125.0329
78.2990
1023.2544
447.1235
415.1898
603.2554
435.7303
1452.2473
2856.0946
228.5317
187.8260
1276.9022
764.5192
91.7385
180.5767
506.7461
156.7119
570.2037
362.9538
512.0632
2133.6796
973.1510
1226.2837
475.0694
554.1145
59.4996
9.7100
537.6964
2117.4245
1376.7190
1896.5821
1829.8449
1670.7706
984.6772
658.0853
372.0524
435.3533
497.6739
441.2539
1811.0709
883.8992
612.4895
2255.1800
2363.9113
410.8423
257.5251
354.2275
179.1783
828.2428
1398.3442
927.1053
774.8621
1112.1364
3355.8376
1099.5635
917.2811
614.0134
593.1058
2520.5729
496.9401
546.1573
2947.7138
1475.9085
1211.2475
288.3671
199.6167
607.2284
1184.8338
2529.4593
2810.7150
3289.7020
18.5234
16.9572
2746.4644
334.0137
374.7773
1196.5116
798.8269
1252.8141
1406.7695
116.4028
137.2759
2154.5448
2421.8565
2959.3226
1133.9451
723.8299
1130.8727
312.8051
423.1115
942.9268
716.3689
694.4188
725.8634
1702.6905
386.0343
135.9485
591.9669
1952.2009
2814.3342
2356.0665
1540.9732
535.6774
4.3395
0.5056
63.0430
1087.1418
1584.9429
82.1158
14.5308
312.8480
324.7866
496.9416
2485.9536
2419.0931
1774.2495
585.7367
281.9506
415.3071
1370.6883
1102.6162
1141.4547
3549.3431
2005.8444
1817.0226
382.0839
352.8607
886.1389
803.0661
1716.0679
664.1205
387.7368
612.4451
965.9322
584.3935
337.8845
1022.4020
630.5399
802.3107
2679.9238
2240.7698
95.7638
26.8986
58.3488
149.0827
2009.4630
1736.1581
1030.9797
495.4763
135.2022
138.4535
594.4841
865.0555
1070.0611
1352.1945
1267.2478
161.4643
121.4894
173.6988
42.5695
75.4132
53.7821
195.0704
635.5234
642.9227
1715.3250
1835.5671
527.1581
774.6894
962.3379
739.1848
297.7113
291.0922
2649.4076
141.7547
139.9719
3827.1149
3182.2710
564.8027
458.7109
968.2670
1114.1345
1708.9781
935.5451
839.2671
144.0442
51.9584
497.6260
1524.2915
198.0046
174.4382
2.5347
3.7927
886.9686
103.6749
83.2664
495.0207
815.2370
906.1687
255.5750
407.4775
2438.2824
1327.1223
65.7146
131.1904
2928.3685
162.8198
145.4901
1782.6582
687.8590
500.0805
1594.4674
2573.5783
2160.8934
108.0728
9.2092
152.6576
1233.5200
1366.1581
1160.8971
1393.1643
1527.0570
842.0784
1607.2808
380.5065
43.4930
270.9400
2696.6819
3116.0517
2411.6397
1085.1430
997.2666
1830.1180
104.5407
79.1179
1784.3551
304.4647
18.1135
170.6232
2512.3591
669.7264
295.6995
1051.9209
1298.1609
261.8811
538.6319
654.3686
613.5909
2420.9042
409.9051
240.1023
1514.8388
1026.8975
940.2693
3155.6332
3413.5582
315.8816
249.0215
613.8982
128.1785
281.4048
1125.0735
1773.6774
2543.6508
2675.4676
157.9713
125.1850
1337.6535
1291.8681
260.4966
184.9020
880.4503
860.2539
1690.3404
2789.0989
822.1334
944.6284
1881.3162
1910.2539
935.9679
530.4788
522.2204
1048.2334
3306.0680
3254.3223
1978.0855
679.6656
977.6667
1275.9249
745.1235
285.2124
502.3636
2054.6937
2045.4851
1123.0394
649.6254
910.3122
797.6367
1376.3865
2790.8850
580.5085
359.4921
249.9768
425.3025
2870.2553
797.1591
537.7209
2269.5936
3774.8050
1935.7283
1520.6203
814.7320
42.4249
152.3878
1562.1021
782.0958
253.2631
83.2132
418.6984
354.3044
380.7076
532.4256
621.5211
2253.8547
1918.1421
1835.0178
8.4068
9.9433
2504.3338
3056.4030
405.5874
60.1246
367.3722
754.0474
348.3542
744.7919
2222.6561
259.6129
177.6045
1543.1121
256.8831
126.4512
825.4872
2664.7184
1809.9534
1280.9302
970.8076
97.8083
246.9442
1698.5940
1469.7225
509.1544
253.5129
1429.3248
3476.7148
1963.7147
289.8051
336.2015
1762.7116
1906.4569
177.1991
169.9993
1194.2567
1666.5857
3104.0757
438.3338
492.5795
3012.9656
869.1802
1066.4147
69.1456
15.8968
352.5743
1300.0491
1958.3567
1088.5727
743.6318
857.7271
99.9538
162.6888
3065.5269
1072.4633
1111.6629
3636.8532
1203.7126
874.8769
653.9074
233.0205
956.0866
2320.9125
2256.4893
1819.7675
1769.6486
2371.4528
809.6464
313.4177
845.8565
621.9856
118.5321
355.3002
2183.1044
1736.1135
988.3758
499.7576
13.7255
14.6585
404.5792
1627.9684
267.3640
10.9890
38.0754
193.0080
227.3224
519.8107
1016.4537
2105.5334
3046.5713
2119.7553
1566.1024
2015.1651
744.1422
517.2431
585.2018
758.7837
2465.2484
2439.3493
932.3998
1205.6655
1255.1172
60.8597
57.9766
600.9713
640.0522
885.3601
2754.6454
3716.4279
3158.9954
562.3182
154.6858
536.8197
823.9498
1340.8170
169.0214
167.8382
1910.5714
512.6674
745.1679
1994.9593
495.8184
379.9168
38.1151
71.5783
1578.1719
1367.4881
3117.1794
2735.4193
2121.8878
1959.5567
1319.5344
128.0297
109.5130
1125.2101
460.9617
312.1111
1337.2246
2353.8428
98.0904
20.0432
209.6784
1054.8586
2902.0202
89.8429
16.6328
70.9476
96.5539
708.7690
479.5164
171.9339
1074.2334
2104.8450
1885.1725
2003.9953
1921.8376
2687.1833
644.9641
303.3958
931.7239
2088.2612
2144.9934
749.6152
249.6012
6.8537
11.7739
1401.8301
1787.5552
1679.4079
933.3261
723.7042
1533.4760
888.0869
227.6989
143.9188
272.6216
351.4780
765.5102
1645.4860
1856.0942
596.7454
915.2625
2328.5290
2242.7205
956.8907
792.3906
1567.4462
555.3518
831.0786
2814.4130
3385.6429
2092.4421
250.7235
69.4652
408.3416
2212.4244
1134.6806
314.8166
799.4791
644.0229
478.4472
104.6698
116.7584
1623.9068
2283.4967
1614.3970
149.1308
317.4579
3359.3289
3040.4578
994.6821
462.2985
1313.1354
476.5062
170.5330
705.1895
678.2643
57.3444
80.0933
459.0335
87.5145
245.1327
2564.7954
2469.5354
2180.0111
2913.6099
340.9566
10.8955
43.8480
778.0853
1790.5577
2990.8000
1168.5071
377.0904
747.4205
1404.7068
2117.3821
3400.5683
2517.6893
851.6535
410.3732
1217.5860
347.8139
314.5339
40.9053
30.7396
732.9474
1027.6080
2241.9972
2172.5767
906.7893
90.8085
69.3422
115.7994
296.8179
1088.1040
329.1725
416.2545
606.0774
404.2203
1594.4660
906.7310
223.2950
217.6161
264.1407
1128.4645
572.0735
417.9774
394.9364
403.4622
2278.9018
2368.1865
1182.1778
1047.5383
1874.2267
123.8682
13.5529
67.8305
662.7597
589.4311
473.7117
1085.1602
190.3509
67.7934
242.2983
584.5979
1015.0482
839.8111
105.0804
290.5597
601.7188
258.8502
894.4545
1818.6000
2640.7084
2131.4394
17.9326
18.4478
254.8698
354.0722
1287.4689
665.1739
1127.5976
480.5392
665.4473
3163.8529
2329.1182
2295.3465
3273.7587
2804.5733
79.1397
71.9707
747.3986
147.6437
415.8137
270.9156
196.8473
1005.2162
181.8691
235.5922
2513.1425
1270.1326
1063.2229
2378.1429
2212.6507
2058.3667
833.1788
432.8056
694.5738
789.4443
1106.8905
2277.1138
2716.5008
2691.6520
1768.5759
1134.0521
2015.3676
1440.5723
93.3778
48.9877
96.1364
147.9174
1129.8476
1197.0514
838.1205
8.4592
3.3797
750.7655
2515.9432
3526.8804
2236.9057
1727.0006
3036.1391
466.7758
418.1548
2152.9682
2273.2768
456.4412
173.2298
238.3275
52.8753
49.4248
332.4152
270.0148
82.0402
569.3436
150.3139
59.7215
77.5355
31.0370
88.3105
553.8575
2425.7941
1642.1923
383.9479
638.1428
205.0074
161.0618
560.8879
163.6169
659.1345
534.3485
389.8814
385.5013
555.6800
226.4273
122.4915
1441.5538
820.2971
390.9094
1402.8008
358.3344
247.8915
1725.6651
1199.7333
1405.5934
252.0637
156.6765
982.5713
716.4171
763.8100
1963.7844
2268.5199
2202.2515
1697.2074
923.8612
1768.6912
575.7667
492.8837
264.8702
345.3045
2756.7607
549.4398
426.1098
2180.6514
3736.4422
862.1528
823.2856
3639.2464
1255.0383
939.0757
2708.0524
1158.2282
76.1466
50.9773
621.1536
2582.6169
2876.5449
3320.9733
3348.8974
1386.1875
1228.7711
1876.6840
20.1159
31.4133
483.4385
233.9434
1836.3222
2483.4313
203.2171
298.3858
3564.3904
1576.6621
564.4085
77.9239
85.3257
1197.7124
349.3057
198.9601
664.5298
559.9567
1170.4412
1385.8429
356.9516
689.6187
2398.2933
79.4547
101.2413
853.8571
967.0354
3691.4157
3856.3982
516.1854
77.9337
158.1223
950.9443
2997.7938
998.2714
508.2714
1182.2715
192.9536
121.3518
564.0170
460.5464
709.2785
1957.0212
925.9445
180.7715
551.4885
1816.6100
956.1211
61.1469
163.6515
1615.7824
564.3382
542.3941
1442.1270
2926.1700
2192.2363
300.9140
133.5492
621.4498
63.5554
33.9721
707.8488
376.6725
37.6847
86.4867
782.5301
591.4844
988.0910
3611.9977
1271.8448
960.4139
2266.1007
1119.4780
1167.0546
2912.2831
3355.3054
3920.3057
2115.5180
138.1486
89.8929
702.4607
1334.6471
1779.0211
1450.7489
957.3674
1676.8328
3759.0847
1142.0601
261.3996
427.8195
1168.4406
2327.4320
2633.1447
2671.8995
1839.4244
1669.5073
1238.6263
1454.5073
2370.1623
1268.5458
82.7917
145.0381
2227.2828
1138.4399
854.8751
1266.9759
939.1509
1298.8742
3677.4688
67.1673
17.6998
233.5928
332.4369
855.6740
187.0731
30.4863
52.0686
182.4635
806.5217
2002.8084
1203.7038
898.4691
2258.4064
1841.7716
1315.8842
2320.7746
2635.2551
291.7659
335.2930
34.8507
14.6273
699.8540
1779.5566
3505.7675
3084.4041
1789.8022
1673.7252
2438.2595
1789.3084
1440.4831
746.4277
71.0908
108.5075
1588.5179
1336.9699
1158.5638
915.3916
26.1864
17.8046
617.4423
2369.9939
2890.4883
64.9005
33.7685
1500.6095
423.1766
462.0867
3155.4305
940.4170
269.2957
489.8660
1053.6431
2322.7992
766.2211
604.2032
2794.3099
701.7572
649.9054
225.0895
219.7267
3070.0733
776.4797
168.3632
642.6849
1588.4039
643.8400
1023.6739
2615.3676
1993.8231
743.7421
272.0749
639.9946
1769.0062
2098.5981
796.0867
560.6325
2434.8333
1064.7124
3.8550
11.4776
1055.9568
740.5587
1967.1620
2805.3688
2539.5053
208.4832
46.7377
29.8127
105.2568
1508.1410
1088.4967
1173.9177
541.1562
548.3016
2664.9800
186.6585
6.7475
100.0120
1570.2568
1773.9146
1909.2020
462.0584
112.3503
268.9187
193.6109
180.1089
984.9582
1831.7024
1205.9469
1399.6202
2123.3276
2204.1900
2883.4100
1865.1676
6.2197
2.7706
17.9794
45.8594
2112.6612
1346.8074
1011.6112
824.3582
46.9910
28.1723
795.8751
2605.6120
2517.0039
1360.7342
794.9532
618.6214
467.0786
182.3194
91.9138
521.1003
316.5851
266.4089
1226.2320
272.5580
431.3988
1294.6050
366.1226
982.0289
570.3791
468.8091
1680.1533
942.0486
853.5145
1521.8838
38.8935
38.3088
274.0767
211.1837
1045.2229
197.5379
14.4744
38.5539
451.4897
654.1191
1020.0228
1289.5435
688.4624
715.2198
1136.1970
1046.7379
872.1056
460.3835
179.6807
512.4444
870.5125
922.8234
3012.2153
1150.8372
1214.9427
698.3213
344.5693
246.4322
235.2615
535.5726
82.1896
237.9329
3250.3759
1395.0714
432.5325
465.7574
1606.0291
2951.7407
2433.3219
1305.6419
1023.7565
1760.0684
1453.0719
1573.0280
2476.0506
3146.6700
671.8712
447.8335
2391.6797
180.7077
152.1667
49.9183
10.6410
404.7709
2060.2808
1573.7573
1595.8624
1412.3704
1004.3983
682.0801
760.4818
1725.1389
2295.2328
1058.8301
198.5333
42.2259
203.9811
945.4971
342.6722
727.2598
1603.2922
2009.9531
2255.9236
1469.5550
1845.5020
3169.9379
2798.6789
932.0594
398.1532
664.4606
1353.4182
1436.3964
1286.1253
2023.2264
3136.2411
2253.9376
2089.4449
551.6124
297.6932
989.4377
1444.4312
2149.4858
2515.1297
377.1867
254.4812
1198.5624
870.0336
940.9817
1181.9157
829.1875
973.2542
1073.2081
846.1064
1770.9132
2693.9073
675.6555
494.2750
1675.2277
1234.8681
898.3367
687.0297
1204.5111
835.2881
209.9464
790.1900
665.0558
580.8373
722.7835
280.0909
9.7995
7.0074
124.1097
305.5100
202.0749
78.8487
614.2848
244.4884
157.4846
301.1942
261.9936
288.5921
186.8986
344.8761
431.3078
818.0239
912.8002
391.5251
598.0380
1437.5295
916.3868
626.2173
531.4565
1111.4996
235.2553
278.5869
1998.8294
1696.1778
2852.7551
358.9414
208.3222
561.1281
643.8317
2214.4881
3062.4727
1427.0014
349.8076
93.2865
286.3380
100.3930
29.9227
330.1934
1032.4873
1910.3761
368.7088
212.5748
1104.6081
1576.9259
1698.7352
283.1865
223.7507
1482.0322
1147.5618
1480.8132
3690.1753
3123.6263
2734.6067
3249.8970
2252.0581
390.7397
347.9423
1449.5869
1717.4983
1511.5280
2438.3371
98.9590
52.9859
1063.0867
1323.3364
1925.7417
662.1994
809.2958
3551.3528
429.1571
305.7149
1671.9095
1835.0077
2965.7895
938.8940
328.5536
398.5755
1130.5509
3690.3523
1386.2495
359.4323
566.9062
26.2826
25.8912
282.0015
177.1522
1305.7155
2770.8665
907.2353
25.4867
55.7602
1395.3698
1042.6047
249.7114
360.5172
1773.7250
865.9367
845.9522
1123.2553
1098.7020
125.2921
101.1046
1600.9595
2307.9467
2556.4968
1306.4958
1257.9082
2349.1006
614.1356
436.8581
1430.1739
1375.9831
232.2457
159.6886
129.6398
405.0848
2761.6535
2195.5802
1911.5794
1148.5106
1483.0191
2303.7764
1530.6331
271.0181
243.4839
1947.9361
2513.5712
546.4669
732.1973
1325.4195
801.0131
1501.4063
2082.3378
125.6375
133.7167
1960.1798
626.6633
46.0947
172.9894
1947.3529
1447.9303
2231.8377
729.2368
265.4062
353.2977
213.1275
536.8020
269.5078
296.5580
1286.8902
1465.3560
3125.4334
1924.5976
1867.6242
3097.4760
2427.0809
1305.0959
1990.0705
3086.4800
2555.0935
3224.3042
961.4320
615.1033
1403.7920
931.5516
1319.3210
274.5444
312.3087
1127.8882
906.2317
1147.7126
130.6773
76.9069
256.1316
952.0340
1823.6936
1796.8477
2388.9882
301.9844
145.5273
874.3218
1130.4424
149.5488
323.2477
2204.5207
2013.3741
2397.0142
252.5607
21.0603
135.5443
611.8211
966.0053
1835.1108
1816.6817
2840.2385
2490.8465
2142.4738
873.4000
1236.5604
784.8637
169.6188
703.6703
502.8525
410.9781
471.4659
180.8657
967.0433
538.9641
55.1483
323.8423
2023.0505
913.6231
833.7542
598.4785
691.2422
1635.1070
1848.3114
2052.3993
1555.5988
1932.1304
840.4623
820.9274
3474.9164
2726.1914
2443.2585
1329.2723
1250.6064
1454.1279
1468.6264
3067.3688
3612.2345
3572.9307
2863.5717
1353.3422
1500.9698
2301.4631
1233.4241
173.8706
67.6460
116.4082
164.5135
700.8011
2736.6498
2753.3991
2405.3988
3097.3200
1911.0539
2153.5020
2270.9311
644.5639
204.9647
87.5354
358.0190
2523.7075
549.0573
219.1484
1259.4251
2405.2951
695.0178
91.8035
79.2153
223.8754
718.2749
973.6579
887.1342
0.6518
0.5906
1870.6639
2655.7080
1881.3086
1381.2251
1278.9049
1809.7779
669.1523
718.8731
1589.9865
991.9947
1966.9558
757.2287
522.1413
562.7609
602.9628
484.5536
610.4878
2452.2087
2246.0736
1371.5959
447.9170
641.8769
1194.0084
450.4100
386.8217
470.8877
692.5858
1617.2556
1156.1593
219.2949
471.4692
3226.2162
3553.0981
984.5513
993.8564
608.2298
238.7717
379.7630
406.9445
718.1126
1773.2632
2063.5849
1844.7350
1652.2105
175.1608
37.4179
314.3242
671.1243
555.9764
1682.7855
1567.2374
1902.3241
1006.9872
400.2950
621.5703
1533.7945
3157.9674
307.7311
135.1909
848.0040
837.8018
1500.9950
658.3803
443.6495
929.2244
1512.4206
2922.5047
2190.0992
1489.6311
46.6482
13.9749
90.9811
500.1254
875.2073
458.9821
38.2261
50.8196
2373.6195
1199.4768
202.4087
343.5113
593.5243
1156.6392
624.6632
541.6354
2649.8823
1400.0627
1818.5408
1322.5396
1307.7781
2094.8756
1352.9153
278.2002
97.1695
876.2055
3545.8061
2504.9336
1210.2389
313.9045
573.2516
1146.6337
801.7934
1143.6570
1984.5998
425.0391
43.1722
194.1616
775.2751
1385.1526
536.2610
410.5543
2156.2460
2575.3333
3171.4678
162.3350
73.8848
1460.1955
1639.7449
1887.9811
1714.6733
1083.1333
729.9866
1045.1090
2765.5190
658.6437
197.4654
63.0021
102.4119
773.3939
1327.1441
2372.8756
1206.5874
276.0661
677.1854
1795.8799
649.0409
521.1620
386.3928
21.8369
94.1744
1219.9593
497.1077
1214.6232
2182.5241
945.4123
315.5251
729.7681
1817.8305
790.8030
805.1932
244.5553
278.4955
35.3402
12.0144
527.8815
207.5998
114.7400
526.9241
1248.5424
432.0759
21.4950
123.8936
2249.9691
2434.5409
2243.8615
619.3785
36.5802
41.8780
409.3568
1334.1259
3255.8653
3161.2127
2638.9141
1155.1457
1370.1867
1146.3462
390.3987
888.0141
142.9986
10.1658
23.4208
189.5000
925.2494
1418.4604
2184.1710
1514.3419
874.5681
988.0137
309.0215
447.8345
490.9395
432.3206
2172.0644
338.0488
285.5142
1264.7582
1859.4483
2201.0300
2164.1867
2038.6890
1018.7042
1193.7148
2170.9744
1361.1943
1216.8779
2797.8383
1500.3010
964.9297
1914.3567
128.6418
76.1627
893.6908
1750.7290
1086.6836
0.9287
0.4866
220.9042
635.6679
1253.9573
2078.7406
149.5110
57.7449
671.9621
1801.4183
1681.4428
1854.3367
532.5071
553.1492
2621.7860
1967.8222
512.3569
56.8451
173.4964
437.9469
618.6429
2864.9431
2267.8193
1340.7075
659.9120
169.4954
96.9948
173.3853
30.4994
103.1733
240.2050
68.4131
832.8865
3235.5604
840.8068
719.5826
1419.0176
312.4397
440.0325
512.7829
685.1206
939.6403
921.9352
1274.5302
830.1604
945.9429
432.0290
224.6823
627.7152
2328.2349
2288.8761
1855.8652
1951.6567
121.6647
6.4345
171.7763
2878.7182
2047.0634
2155.1396
2228.1132
174.2379
156.6638
1000.2783
381.9913
581.1600
416.3264
584.2401
788.1159
355.7903
894.3673
53.0063
82.6176
2616.1714
2595.6336
3089.4170
463.0615
276.6674
830.6476
172.7595
37.4278
217.5879
294.7756
450.8310
2663.7362
2118.3738
1619.4183
1050.3880
1129.3184
1327.7639
1654.8332
1508.1450
1384.4806
1746.1542
1992.1803
484.6720
326.8706
1555.4156
2938.1071
2566.4395
2534.8092
1279.2020
678.9424
1893.5430
473.2263
495.0768
2676.8014
812.3027
1038.1773
1908.2949
1526.4173
1793.7766
986.7792
1324.5666
2756.3403
458.1268
195.4284
708.8096
1536.6518
1524.9775
1911.2050
468.5593
140.3633
817.7704
811.9625
213.4594
36.0347
48.2010
629.5854
831.9493
613.4882
425.9409
694.1480
2122.8379
771.9736
1.8975
6.6456
6.4498
6.1595
363.7314
331.6182
2436.1450
2776.2562
1056.0031
546.2065
767.2217
571.8826
1302.1248
138.9192
135.5253
2354.2122
220.9726
132.8231
899.8354
1429.8369
1653.5972
128.8332
67.8587
1260.2310
2314.5795
1545.6473
307.3942
227.1779
755.9932
163.2083
104.5882
182.2238
480.6838
987.5919
1139.3314
3007.8324
1929.8719
267.4116
150.1416
638.7241
1173.8055
865.8991
913.6389
175.4579
98.6310
56.7804
22.0318
289.9103
2339.4345
1275.6737
746.1118
2254.8309
2476.7652
1785.4758
2879.4434
3764.9383
1022.2564
704.5247
2606.0095
2631.2522
1845.2969
2779.1995
3600.7468
2656.0034
1531.7906
1089.1314
1983.3497
1779.1424
1096.6520
2035.7868
2759.1548
2378.8861
1044.1314
791.1103
1080.8266
1371.4894
2225.7730
514.8763
652.2784
1775.6108
1010.3673
1292.0915
1342.6516
1655.9485
281.4107
290.7656
461.6344
507.9958
962.8993
845.6361
1615.0474
1183.8690
405.6886
552.3551
2220.7356
802.7011
434.7739
1125.1005
1863.1168
2136.5057
1200.7204
819.0099
800.6047
253.3918
458.9692
2.0333
2.4057
2018.8604
1050.7034
77.1146
165.8368
1895.4719
1334.9224
2170.7151
2063.9900
2210.3449
3330.4672
3278.5394
1401.6021
140.7175
74.8484
696.8540
2532.4666
2024.7226
600.7025
373.5904
837.0470
1915.0967
629.5044
61.6868
323.4323
3042.9833
2248.3508
2338.6428
1380.3708
1048.5581
834.4839
1226.4882
1657.4086
252.5497
604.9237
540.3557
135.1701
973.5326
1665.9999
1564.2948
687.5003
646.0762
800.8497
75.2261
78.3871
359.7123
527.2108
262.6720
111.2333
131.6391
57.8415
72.7482
888.4209
2717.5400
2775.0486
1068.1090
1060.1822
1195.0727
702.7236
787.5527
305.5783
145.4339
566.1238
1173.1072
187.3792
267.7577
789.5610
804.0502
1497.2183
506.2010
100.0832
64.0662
357.0453
1081.4863
589.8122
599.5479
935.6066
403.1939
444.3164
1251.0533
1761.6343
1065.1102
161.9624
342.2721
2317.1928
3550.6597
1069.2740
349.6626
596.7488
1621.1846
1130.3695
306.3420
883.9734
2680.4773
899.4130
1079.5379
2631.1953
1264.8161
284.7556
103.3481
45.5888
170.9757
1371.2597
624.1341
35.2779
34.7569
531.5154
2200.9991
1219.1809
648.0531
1580.6270
1475.4179
968.4532
397.0824
144.2069
561.2765
3015.6345
1215.4817
693.0528
1634.8268
2772.2114
2921.1743
2659.8737
3300.8141
54.3127
39.1459
889.0151
273.6926
183.7056
87.0049
66.6186
62.7401
184.6584
1140.4787
2362.8526
1687.3270
1341.6641
726.1355
154.7381
411.5318
614.1143
143.3715
23.6795
156.5387
2394.1881
317.1467
85.3685
111.5966
571.5561
2086.7047
1391.9482
2225.7767
51.7226
10.6906
736.3649
1221.7603
656.9355
1984.2594
3252.4972
695.0094
421.5073
578.0320
324.4284
980.5024
3023.9789
3458.1853
1411.1489
3.1310
3.1847
1249.0309
1128.3565
30.2223
79.9911
1520.5470
36.0194
54.3302
1361.7499
1895.2929
2202.1902
42.3596
30.1520
156.5141
81.3275
801.2965
2869.2733
439.7902
296.0307
1576.9936
1617.9344
561.0926
628.0659
914.6952
1518.4472
865.2922
308.2612
1353.2198
2289.4210
1903.8082
123.4487
23.2621
597.6631
2229.2985
557.1920
313.9890
599.8037
1251.5128
572.0542
119.0723
389.8779
425.3113
88.8510
156.4155
958.9256
2876.1978
2513.2297
1945.6605
1803.9335
2773.6110
1131.3964
998.6208
2803.9284
1252.9433
374.1439
484.9096
79.6881
93.8321
353.2665
623.3044
6.2794
5.9731
3705.5864
2.5690
2.3350
1521.6435
484.5229
485.4804
807.1102
1460.1293
2149.3742
2796.5484
1648.9620
899.7262
2151.8256
3159.5541
2708.0911
2633.3769
81.2842
24.1152
277.7898
197.5853
108.2039
521.4576
1979.6048
292.6342
53.6120
406.9859
165.7759
84.5965
359.3187
738.7609
532.3786
569.2793
2691.6415
1034.9298
532.3636
999.8675
2094.2529
1956.8982
2350.6554
1970.9823
1145.1152
533.7540
30.7879
93.4222
316.6165
59.7222
388.7424
1038.1530
401.9078
200.1822
541.3001
40.2256
21.4862
329.3339
847.1752
1924.7285
1446.0610
1973.0857
165.8378
115.0422
376.2913
516.3963
2.7913
0.7121
52.8849
36.9867
35.3579
255.5295
1006.7806
750.5875
1780.0415
1488.1251
867.5911
40.7508
1.9619
18.8561
730.9252
1045.2807
936.2251
370.9645
101.5834
466.2365
1545.8925
476.5579
321.3506
1462.3850
309.8704
339.4645
3378.6571
724.8246
599.1586
945.7749
978.3149
235.0766
304.8259
124.9960
63.2131
939.0217
931.1402
87.0928
113.7666
1983.3513
2208.6385
2109.5545
460.7900
209.2620
218.9859
192.6461
266.9688
159.1780
219.7143
671.6983
782.9737
1319.3577
323.1674
220.0990
938.8270
1173.9832
1679.2755
1895.7617
1590.4406
1354.5911
2543.6608
966.4506
24.4010
76.1428
362.2427
248.1694
498.2186
115.9360
258.2349
141.5566
222.6708
1810.4301
1652.5190
1956.9442
1256.2226
632.0275
1114.5186
2122.1905
1791.2116
1301.5656
1993.4484
1819.4065
750.1389
357.9852
229.0996
992.1211
1064.3999
227.9126
637.1957
964.3493
1248.3256
1954.0572
348.0905
187.8956
69.2055
129.3159
1773.5215
281.2714
261.6887
2797.3669
1048.4596
717.1120
808.2037
401.6684
503.2176
395.7521
315.2822
77.1390
223.7933
1814.3597
507.6321
827.2981
1585.0143
2030.3805
1859.4180
968.7789
1898.3918
321.7339
80.9933
580.9443
1488.3949
1552.2570
890.8851
226.2197
204.5030
749.8185
117.9668
16.0665
175.3900
1593.1644
457.7169
204.0014
59.9916
61.5176
556.8872
635.0899
1067.5525
623.4208
676.4025
3023.6114
3090.9823
1361.5292
899.7536
2049.2646
1920.0138
1968.4943
2664.8898
1691.8579
631.2118
526.4815
1219.6408
1613.7181
249.4063
29.3064
64.4760
571.9380
1051.8204
1308.2849
2281.1690
178.0224
167.4695
1268.2009
1393.2139
114.4262
83.5559
856.3221
1226.4245
2336.7651
2892.9688
3090.0570
681.2241
530.7764
114.7932
121.9828
157.9909
74.1803
369.6408
380.3965
1391.6503
3219.6904
270.4087
278.9200
2042.4529
562.1693
856.2470
2838.3546
2517.2820
1672.1537
1346.7802
1464.5166
1630.3539
2644.2877
507.0029
316.4878
1448.4148
1111.5716
384.5499
104.2821
289.6648
2276.5673
704.6853
207.2139
855.1869
1666.5082
945.8152
1095.5879
732.7031
203.0313
259.9087
552.2000
260.1939
149.9431
819.0968
3787.2891
1763.4978
1122.0290
2051.7476
1470.5648
964.9080
1401.0425
1302.0312
1964.9388
1204.7283
59.0285
80.5393
108.5425
201.9401
1779.5567
601.5833
619.5493
2268.4142
1946.8963
1497.4566
237.5248
70.5303
242.4388
744.2958
2659.6741
3392.4597
1539.7759
5.6329
11.3416
1364.7022
319.9981
49.6273
26.9484
327.3027
2819.8436
3831.0549
629.1779
564.3331
3342.9331
2175.4876
886.2454
718.2254
173.4386
63.5089
46.6264
280.7649
800.9991
274.5149
1046.4243
1117.3530
1116.5990
2695.7272
2931.0674
598.8408
125.1173
542.6076
2637.2325
1240.8728
545.8175
1314.5068
2506.6431
2014.4551
2525.0356
488.5665
3.0073
2.8014
48.4966
98.6134
381.1082
573.7463
1355.2050
996.7388
799.7709
2354.6040
40.6639
35.2371
1698.4655
80.5044
39.2197
761.7874
1324.0462
1983.1620
181.7986
138.7242
2441.9155
634.6695
748.1143
2876.2617
832.4779
725.7427
1794.5449
1069.7430
1331.6659
443.5413
258.2947
966.4329
1896.0750
2859.4881
2264.1067
1891.9579
2327.4771
472.6891
455.3247
1039.3167
766.3321
489.2249
683.2259
3009.0522
1307.1212
347.3355
462.1799
1643.8239
520.0024
673.1310
2252.7975
855.9630
600.2774
1164.9286
685.7491
220.1878
204.1766
864.2449
2692.0906
2229.6831
765.7747
418.3292
638.2026
219.8229
322.6586
1119.9623
477.8474
77.2021
212.2545
366.2549
500.4017
867.3261
23.8094
90.0419
749.1370
683.4268
437.9183
411.7769
3057.6614
2794.8659
639.1237
488.4107
981.0058
507.6103
648.8783
175.4698
208.4149
2469.2860
2782.1855
1656.4697
18.2243
17.1752
1498.2347
2532.5662
2523.6910
1077.3955
1168.6154
1115.7411
1074.9583
468.2522
21.1559
100.3465
623.6290
631.2225
878.1299
871.2421
715.8937
99.3348
165.4711
1007.9521
2214.0189
2856.3469
15.3218
17.6417
1392.8726
434.3335
1226.9708
2.3297
1.0166
1448.3866
1219.8785
1018.0279
2151.9664
643.7428
99.0967
264.9885
697.9710
896.9685
29.7975
34.0965
896.6514
410.0304
446.9884
1162.4735
1050.1045
447.2888
247.6337
506.4590
1539.0954
208.3297
379.0205
415.9521
407.8472
3007.4503
1582.5172
990.8831
1642.6714
344.8124
106.7415
802.9347
567.3372
417.6417
1876.9836
2537.2268
2561.0591
1935.5023
863.7935
25.5261
46.4975
754.0323
246.4171
305.7759
34.0605
49.4282
1755.1581
1421.4565
576.0040
423.1928
647.2862
1651.0575
1254.7575
3.0608
3.9842
1564.7122
2515.3393
1453.7918
699.4318
139.0386
44.8093
233.2752
651.3867
894.5528
827.1177
276.7027
821.9198
1943.6983
2040.2082
687.5631
445.0215
198.1735
173.1634
340.4120
425.5706
2540.2027
3209.0985
1859.7707
1248.1915
1620.4215
1536.8071
1491.3296
2692.2999
655.7055
124.4540
89.5205
186.3891
822.6915
394.3253
481.8388
1336.8958
328.4773
132.9695
68.4619
204.4376
895.4636
561.3784
96.9259
89.0076
942.7401
1198.2375
1377.9877
2587.0444
974.8021
620.4676
921.3256
1786.6197
930.1161
852.5104
1974.2987
702.9598
1004.2862
2156.6004
1667.6079
631.1019
1026.1266
2710.7581
1110.9573
99.9810
133.8107
1000.8219
565.1225
336.3002
1123.5405
3390.9731
1396.3020
1299.8915
2254.9090
881.2217
542.0848
1216.1420
725.2995
256.5548
247.0242
501.6068
728.7106
894.3867
1701.7707
625.5802
732.7854
1137.2586
1207.2558
1213.5521
902.5757
2374.8469
218.1116
25.0178
61.0175
463.7337
2312.4614
1421.8058
255.4074
93.2703
103.8863
93.6063
611.9240
1231.6008
238.2192
232.6195
453.6235
674.9439
877.9335
423.9010
433.4065
1380.3559
2349.4190
578.2750
703.3955
76.2099
74.4074
1857.3348
1384.4552
1256.2427
1637.1530
2971.3842
468.4241
50.2811
78.9469
735.1735
2709.7113
1921.3669
752.1861
142.0395
310.9716
2740.2534
2002.6891
2037.6740
3669.2272
1332.5389
112.4412
306.4868
361.8118
323.9686
2424.1767
2525.0945
408.4265
68.4083
122.9111
516.1549
889.5171
448.6586
785.7848
2165.0643
55.2729
46.5240
1676.7408
1752.9564
879.9400
920.4728
3172.3313
1492.8747
776.2418
1845.3767
666.1873
643.9072
1953.6597
1424.8656
2488.8764
2299.8450
340.3782
500.6295
1147.5302
947.7918
2085.5909
2543.1989
2572.8045
965.4942
434.8757
529.1007
290.2207
600.2514
1314.6537
170.4899
200.4188
841.2999
58.8366
70.0430
301.7700
65.9713
254.5716
231.3983
360.8536
661.2038
359.2149
988.4788
1599.7990
108.8414
124.7991
833.4680
50.4254
90.8183
1632.2477
1803.3645
1848.9216
718.7821
524.1823
1951.6842
2336.5688
411.2025
395.5939
1735.3345
841.1349
1141.1822
734.2852
105.0300
393.8842
3130.9298
3306.6711
579.7375
429.3617
2362.7232
1418.3256
803.4366
737.1119
884.5415
2154.7815
626.2508
575.2179
2373.4205
445.9957
58.8547
333.2019
760.4697
653.3149
1554.7867
1615.7487
816.0000
668.8419
1132.5814
645.6974
163.0003
73.2145
559.3385
2619.4062
1004.9306
489.9967
521.9091
1148.7411
1039.9363
42.5845
128.2645
1176.1956
78.9637
163.3157
2321.1211
3210.1791
3340.4439
513.4565
440.9728
57.8041
1.3324
58.6074
3464.9800
1026.4245
224.1648
403.9873
1763.4852
1184.9960
766.5728
217.0449
335.8739
3467.1696
2628.9630
2829.5858
1411.8875
335.1603
82.7659
106.9467
458.3803
1372.2456
54.2300
20.7772
234.6364
57.4520
29.7387
38.4643
169.7711
1407.7520
3024.4860
2174.0674
1007.4679
1476.0839
1780.1545
227.2960
94.7058
425.2018
1513.4534
526.3287
461.1552
2125.5301
3556.8863
2898.3804
964.2220
858.9242
1390.5480
633.5196
256.7406
687.4093
2201.6149
1581.8462
1055.0216
1810.2676
1725.0377
1713.4520
2723.4601
3.3658
3.8964
3120.0295
229.5424
5.2443
19.6424
89.6040
43.3102
312.8133
2516.1585
1404.1705
202.1264
356.8769
2454.6200
591.9944
637.9452
3230.3162
930.2053
854.4107
1039.3546
209.0213
496.4888
828.5165
827.6864
293.9116
298.6632
2027.0081
986.1035
515.6816
402.4022
192.3210
349.8526
56.6267
37.1682
603.9409
337.5538
124.6824
148.4293
856.4422
2413.6298
1339.6109
1740.0930
2415.0927
2412.9642
2208.3069
1482.9367
2185.6451
419.9173
457.7313
798.4575
614.2447
587.0597
554.5203
2720.6094
2443.5667
1744.4211
1398.3349
668.1898
738.7533
1893.5375
1947.3726
1781.7828
1162.5879
1069.9470
1829.8924
1807.6469
1572.2289
598.1141
814.1061
57.5144
50.7456
331.4651
445.5005
1391.3908
415.3631
67.4992
179.8563
2511.6530
2107.3581
615.6452
877.6532
343.9702
381.4784
2499.3268
1105.2631
392.2174
676.8293
467.7944
76.3388
379.1992
110.9109
123.9660
2563.6503
1223.5083
236.3651
119.3264
74.5377
155.1217
1678.3512
2327.8654
2053.5621
2782.2448
413.2710
230.7834
1594.5489
894.1824
649.2570
2262.9487
438.7160
16.9838
23.1800
264.2462
935.1831
1492.4183
77.5150
69.1665
1364.2641
528.1212
374.5437
438.1468
751.4642
334.5437
43.3831
15.0130
27.3832
196.3993
240.4424
646.7510
2352.7111
1599.5267
117.3530
76.8648
1018.9577
2821.8590
952.3526
987.6425
1515.3715
334.2601
87.5846
387.8817
1332.3862
1427.4023
820.2713
249.6438
832.9332
1403.7835
1358.8892
537.4770
787.0103
3800.0934
2416.2231
1068.8123
444.6224
854.4326
906.9534
226.7690
404.0971
1879.2256
3754.8043
2546.2126
669.4455
919.8783
1103.1197
1202.7255
3449.4614
2325.4716
529.0307
294.9014
554.0960
1473.5377
3263.9126
1436.1409
430.5634
679.9441
713.5123
714.0239
803.3502
23.9490
26.6902
122.4467
314.5528
161.6280
84.4796
1519.9891
2460.6922
2773.9819
3043.1585
1392.9776
1426.9754
1802.5737
1189.0639
5.2820
9.0881
1437.4341
1052.5686
127.1668
50.1270
789.5756
200.2265
90.7231
222.7776
21.3440
93.1469
665.9920
358.6389
574.8745
1058.1017
1860.2383
1810.6140
2749.7929
1814.6945
1329.0918
94.7056
65.5613
1172.1075
2.5045
0.2690
149.8563
1164.5311
220.8701
126.9036
118.8628
381.2911
201.6473
26.5970
126.9979
557.0125
2057.7192
1272.4695
864.0636
602.7567
178.7409
754.4165
3407.8743
3238.9633
3200.3881
786.4962
547.5128
1767.7454
182.0523
233.5629
1712.1039
418.8818
841.0451
1131.5820
1194.8082
599.9560
333.2468
391.6381
220.9541
851.2142
2174.8288
566.0761
543.2048
455.4104
351.0592
2324.8536
2119.2066
1280.9422
581.4920
848.6822
1840.6458
1652.8310
2849.3836
2023.2852
1965.0404
2836.7619
306.1830
381.8314
3368.4943
329.6202
212.0215
2019.1029
3546.9424
1001.0012
134.6286
391.1810
797.2269
1050.8481
3492.5923
1068.6593
336.9489
479.9264
785.9956
553.7952
1094.7640
769.4119
782.8203
2596.2359
449.9925
411.6509
2409.5068
3317.8290
3632.3752
1748.6626
666.6591
1543.9027
786.0719
45.7786
39.3715
137.8337
127.0511
19.7631
119.0156
1101.7129
469.5619
728.4767
751.0479
173.0732
182.9116
1188.2884
919.6411
107.0526
44.8937
478.5436
1987.2430
915.1493
842.8058
1321.5799
421.4211
654.0670
2946.7289
470.0309
356.7838
2122.3273
810.8786
119.6111
483.4184
173.4198
25.8673
164.3364
300.3410
533.1524
1877.5032
1610.3145
645.2030
148.7438
190.8020
1134.1986
423.4405
541.9615
2701.2339
488.8755
95.1068
224.9718
531.9522
1102.7338
2768.4640
3265.4259
2275.3554
2021.3907
1727.2405
822.2842
903.6454
2336.9919
3555.6509
3200.0924
1899.9989
903.7284
617.2617
1117.5460
2298.3400
3099.4614
535.6599
186.2774
967.0756
2613.6967
1243.4136
1214.2091
2410.7883
333.1510
487.8675
3680.7634
1332.9146
1336.5539
1487.0252
440.6102
380.6470
187.5688
364.3112
1447.8466
116.9696
108.3230
513.7193
20.6918
15.8237
643.0646
2073.7295
172.1171
216.5169
923.7660
483.1953
377.8165
806.6245
577.3965
223.5430
464.9907
1289.8481
1810.6738
335.7390
521.0284
832.4434
804.2486
1886.0667
940.6907
1380.8864
537.3552
449.5906
1690.3770
631.8061
922.6119
1941.3077
675.8373
1059.2171
2052.0892
1097.6454
1746.3103
337.3123
334.8454
582.5997
294.4082
1154.4120
2852.9590
1726.7303
487.0760
746.6369
652.6870
678.4975
2574.2083
28.5255
17.4034
402.8851
322.6862
1208.2165
705.2793
543.9451
96.9380
167.7033
3194.8125
2842.3711
84.5358
48.4468
706.5467
871.8683
827.4952
878.7617
1135.8656
1509.2859
1537.3594
1882.6186
3642.3799
3436.7002
2892.9879
798.3122
119.0814
303.1892
1063.6776
1396.6933
2253.7897
838.6608
493.0464
1039.8475
634.9839
120.8525
19.9370
44.3410
556.8254
1275.4475
2405.3598
2064.1772
1683.3992
939.1407
850.8254
2731.2888
3141.9701
2314.9313
2644.6007
671.6133
151.4672
104.1562
299.7245
1952.9509
3219.9937
3453.6100
1357.4853
1472.4473
329.5769
197.5835
1511.0558
2197.4903
1057.8561
449.6287
1236.5276
2614.8305
1988.7063
1791.8197
438.5572
50.5139
92.2979
1020.3754
549.2041
22.0470
5.0474
76.7200
594.4936
506.1642
113.2747
65.9077
874.4809
810.0302
334.2768
992.9527
2604.7370
3684.0161
1584.2910
1441.8699
1576.7039
1676.7633
1842.8331
1225.8864
685.1515
446.8632
1566.5627
1403.5625
627.6175
392.3165
70.6692
68.5942
390.2549
1164.7278
565.5948
747.6023
577.5735
182.1632
676.8977
139.6357
72.8066
216.1708
644.1181
2370.3574
78.8282
2.9089
17.2676
715.4389
301.5157
115.0940
450.5617
128.8661
282.6242
980.2250
1461.4243
3121.9316
1922.0026
1711.1510
19.0979
23.3092
1527.3202
801.2400
503.8647
796.2709
2754.6591
247.7523
258.4198
3774.0877
3649.8187
2447.7893
786.9634
955.7943
3062.1928
2642.8288
2488.3486
2434.2386
503.0300
7.0870
12.8955
605.7166
970.8178
1885.6049
2037.6032
841.6756
324.2596
403.0170
1074.7603
2356.7347
2661.5684
232.7391
49.4855
100.1775
121.2338
198.2243
171.1206
366.5975
1547.8685
1352.7512
748.4481
411.6764
234.9118
805.2691
3605.7443
2023.6699
527.9861
278.0960
158.5661
29.4237
32.0230
324.5783
1593.8186
2379.4878
3018.7819
2747.2042
2388.7204
2605.7647
356.5135
222.4983
1319.7254
2650.2160
2982.8224
1494.5160
774.1738
497.0029
661.0116
932.1691
757.8475
670.7638
1327.3060
2897.9695
180.9593
150.3807
892.3776
199.7870
332.9622
220.3364
157.1325
1234.1997
3275.8213
2653.6957
2277.8534
2807.7166
2556.8917
2644.8407
815.0234
72.4706
142.9773
1365.5917
538.8809
215.5743
117.5583
79.0584
166.9544
244.2367
681.2285
347.9604
268.0435
1309.9534
2645.4704
3078.7535
2527.0441
1145.1002
773.1894
1716.2968
1516.0082
1086.2964
2018.8732
3180.8732
3681.3574
3384.8044
1978.0335
98.4299
47.3624
791.0450
2344.4725
1249.1247
992.0593
1579.8941
640.7159
153.9350
280.3768
1635.6724
248.8926
15.7921
166.8883
1993.1799
2577.8750
2426.9801
565.5933
150.6694
661.6814
2091.2663
1413.6644
2082.5202
470.9812
543.4446
93.2267
19.6744
183.1492
945.2255
682.8719
327.5803
1249.2855
1288.4497
632.0849
610.2852
773.8624
965.8038
2152.5767
2434.5845
396.9439
270.3803
899.3641
992.0464
1585.6588
2613.3835
39.3393
38.6626
2814.8386
1730.3506
1040.5684
101.7412
116.5106
262.6233
193.7577
119.2486
157.6598
1517.7446
8.9950
9.1706
1482.3744
824.1555
175.7931
232.3255
90.2952
82.1236
146.1554
118.7634
115.0147
312.8483
767.0028
622.7385
58.0682
26.4594
224.7953
75.0337
355.4838
636.0824
155.8101
244.7785
396.6039
749.7211
392.4367
279.8543
889.3332
1051.9839
1226.7858
1779.1557
1606.0763
1480.5584
1200.4691
599.6831
602.4276
984.1216
1645.7176
2273.5241
457.3935
345.1682
1683.3490
1466.9025
500.0558
204.7915
14.7451
37.2414
1649.1742
1428.2455
299.0704
626.7512
3573.2012
3341.7417
2758.1328
90.9547
119.0946
1099.9083
834.4779
2579.8108
3387.4036
3075.3921
1887.3224
1846.3451
114.4702
108.4432
2448.5015
287.1819
328.0241
3054.1872
266.0658
204.6395
290.9283
442.4088
108.4510
55.4715
1848.7746
286.4374
68.5948
478.3733
1770.0174
1678.6700
285.6328
385.5127
832.7989
1265.2452
2391.2110
1895.2042
2905.9482
2446.1207
1764.9405
1191.5357
456.9235
293.2143
842.3177
466.5657
504.1870
3070.7365
63.9923
9.0988
193.7550
749.4675
473.1875
558.3563
447.9605
134.2844
461.6564
453.1207
673.5311
774.4853
836.3430
3664.7940
878.0043
486.6751
1571.0037
2216.2413
1645.5339
1922.5417
2706.6210
2809.7898
3052.7440
328.5027
139.0198
792.7300
1564.4638
574.3944
560.5232
273.9501
164.8762
815.8847
1372.1679
639.3840
112.0978
60.1194
67.2806
254.2930
1259.4692
163.8736
151.2828
1063.3700
1513.9366
2709.6881
2336.2093
1803.4298
724.0187
382.5554
372.6952
971.0670
402.4203
294.7839
905.4641
1248.2996
84.9716
49.4618
1273.1124
1975.4695
1349.9418
1503.4431
1051.7584
1172.7767
2216.2893
278.2707
425.0153
492.2333
263.2005
1340.5030
468.5656
317.5429
546.0571
189.4710
596.1527
547.6495
248.9247
1578.6888
2127.8189
1853.8934
1903.5205
216.0774
84.5681
845.2103
1650.6231
1140.7906
2038.6076
394.1620
261.9921
416.2816
457.7933
2314.0317
2742.0415
2013.7781
2128.9330
945.2778
339.9394
400.5130
1137.2226
2830.2684
2268.3857
95.6973
77.8150
1143.4170
1798.1791
977.7107
804.5935
1356.7521
1671.1311
1491.4668
444.2237
18.1493
40.7228
1328.8823
187.1677
41.5673
548.7405
102.8196
51.2460
122.1283
146.7509
1547.0903
577.4704
501.3262
1888.1965
1526.1335
1457.7588
2253.7632
584.9479
820.3398
869.0133
249.0361
1109.8906
1710.5159
327.7954
544.5999
2798.0010
895.9118
534.1031
253.5631
61.1002
148.6299
791.7599
860.9009
122.9652
363.1398
2164.4915
496.8180
510.2670
2557.7093
3724.2003
3630.6160
870.9693
76.7403
285.6332
2511.4711
667.3521
294.1314
1103.1815
409.3112
391.2741
2140.5817
774.1497
18.2485
2.8025
96.4703
1631.6625
2341.0454
535.0320
260.1076
127.3586
73.0394
115.2661
213.9871
84.8566
169.4133
942.5453
114.3936
5.6685
18.8016
560.6414
1254.7072
208.3372
213.3388
2743.5590
1397.4575
43.6949
46.9188
339.8082
85.9512
100.0845
238.2469
231.7140
921.6382
3765.8725
2479.9271
185.1218
92.7939
70.6589
2.4872
7.9363
547.5127
1547.5998
956.7641
1606.7411
938.3142
182.2429
354.5355
2073.0587
1886.0382
1593.3334
515.4732
135.0209
265.3325
1001.8803
719.2743
540.7008
526.0657
495.1232
755.5474
903.4180
2587.3992
2367.8653
212.1082
82.1840
225.2018
720.8423
2948.2014
1619.4875
182.5512
325.1345
2265.4018
3001.1948
3056.2474
2031.0636
664.5982
674.7781
1221.4600
1048.9630
1547.2417
1445.2161
1841.6674
197.7264
77.2714
936.6433
1787.5975
1433.7283
318.9312
193.1859
1354.7906
818.6532
552.5522
214.8176
44.3712
202.1847
852.2150
805.4368
1330.1751
58.9115
46.7925
1711.7117
1636.4451
2239.8253
1435.1668
935.8671
384.6089
210.4731
672.8668
777.9275
977.0922
1088.3893
15.7310
45.6715
1058.3530
869.5012
3146.0915
797.8241
603.0752
591.3321
447.6289
876.7606
1053.2871
100.7981
34.0456
204.4360
733.5598
1647.2398
1045.7556
1704.3346
2149.9118
935.3753
1111.9479
3000.1346
3749.1642
3352.5541
1016.5433
240.9877
77.6407
299.2661
1500.1698
1392.1575
132.0709
86.1731
127.0077
5.7172
67.3416
1504.9383
753.8942
1354.2697
2596.6008
833.0348
1142.7170
1396.6350
201.7185
27.7311
115.3975
1991.4312
1493.5982
1217.2810
207.8735
139.8898
748.1661
1200.3523
2310.1362
729.1788
474.4545
135.5692
176.5016
1032.5856
894.9606
1022.3164
1744.6228
677.0945
367.0318
1494.5866
1313.6375
1453.5199
2110.2054
2714.4319
3524.9727
2910.6480
3218.1304
471.9622
477.4741
2250.8349
1746.2574
312.4046
355.3801
3139.5934
1654.3850
220.2106
343.4539
1255.3823
547.7243
699.3219
570.8919
839.6551
888.1040
868.1223
2249.8442
1224.7573
350.5855
266.3123
449.5504
628.7815
91.4657
142.4226
2295.6592
468.6543
37.5993
176.9208
2714.0060
929.8464
471.4341
1806.3479
1799.7264
1712.5297
2782.6301
698.7908
188.1816
360.1037
1659.6448
2776.6213
483.4460
674.6957
2963.0213
505.0163
445.0246
2417.1247
970.0513
27.5483
75.1827
1586.7612
1264.4269
1012.2770
514.4183
531.9165
542.4223
297.6231
815.7928
1804.4378
367.4875
406.2808
1462.0015
890.8036
1433.3292
3873.0590
2058.0568
704.3086
188.6082
269.3018
1624.7692
2797.1921
100.0602
62.1141
317.9691
493.5448
507.5613
367.6301
234.2036
358.5706
419.1485
93.1140
450.5400
1035.4995
1342.4732
168.6908
196.3366
253.6869
18.6376
249.9218
820.8926
554.1447
31.4749
26.5617
1802.4820
2633.3067
2737.7292
969.7747
1097.1782
179.6688
160.8849
1438.9259
1620.9160
1797.9302
1753.6527
3467.6368
388.6545
81.8151
526.4188
2100.2335
1917.6220
1761.4703
1280.5732
1091.7826
2399.1226
3958.8081
667.5059
70.9772
335.4186
969.7774
425.7963
1373.2140
3133.1649
1425.7504
13.7379
21.1173
44.2011
39.2038
702.6671
636.1985
1023.6440
230.8852
387.4866
67.7361
61.0453
1710.9726
1785.1161
144.6352
187.5421
238.7818
202.9513
423.0189
331.1961
230.3034
165.4550
1169.7332
807.5953
804.2551
1538.1037
1481.3254
144.8365
120.1667
1317.0307
454.7563
462.4133
1561.7173
1653.7253
281.8742
206.4650
1679.3004
127.8734
39.3731
369.3892
238.6219
287.6073
668.6870
1229.4872
2128.1101
1053.0243
1231.5428
875.4236
105.7238
197.5540
1314.6420
1950.9661
1625.1826
321.4929
129.4001
104.9576
488.2890
566.4244
423.9145
2710.3569
95.2491
76.4361
2467.1371
2851.4150
3104.1640
560.4048
138.1754
17.6174
28.1637
628.0551
520.7190
1068.4308
1513.1769
1009.6071
1623.0115
1580.0350
1529.7497
2345.6319
239.2601
236.1206
2217.8526
457.4825
616.7754
1212.3550
762.9590
1779.7421
2625.1589
1527.9481
259.8064
188.0463
1.2258
3.2472
2840.7538
1920.7826
83.6274
78.9901
886.0057
1281.6076
833.5920
870.1947
2971.3110
2794.1381
807.1649
331.7906
676.8855
932.5098
81.9946
2.2465
34.8637
1074.0438
740.4638
1705.3673
2052.7921
1709.8154
779.0606
902.6499
192.1176
164.4337
1771.0023
903.3226
451.0082
147.8835
321.0087
1530.2063
643.0621
368.2984
530.9732
750.7018
920.4161
1479.2523
498.3742
197.1910
41.4831
35.3182
885.1340
2629.4646
2425.7058
3057.3951
113.5627
37.8459
1123.1633
669.6374
423.5568
2003.4744
1175.1701
1233.0231
1314.1294
807.9489
1886.5892
1725.1774
1184.4477
1984.8205
3188.7578
1227.3434
436.5509
857.6605
1776.9469
1493.8669
63.8792
61.2454
893.2835
822.7479
1876.1104
2509.2932
1308.9978
1297.9552
731.5970
356.8615
19.6182
21.5282
865.4429
1282.6442
572.0753
447.6945
1475.9809
1307.8515
1370.1563
1427.0115
775.9090
152.1172
190.4224
373.7891
338.6794
219.5734
107.5930
4.7057
12.5513
423.7979
327.6577
1111.8059
1084.5941
1100.7988
499.1897
118.5252
191.2190
1042.5102
1605.0466
1311.7298
1866.8184
650.7356
248.1793
297.6728
217.0687
744.9247
360.2957
49.5393
48.5738
236.9789
1827.8742
332.5114
82.2700
465.8577
556.0193
1053.9065
222.6759
148.1697
831.4421
1227.4203
1772.3809
1641.6837
437.3106
139.6774
281.0780
565.2798
105.4318
133.8892
549.4356
218.5568
340.8792
540.3218
1739.0590
2636.7384
2602.6605
2689.2122
2652.0260
1314.7416
754.6618
634.6358
284.6572
782.3729
1745.6659
1636.9445
2130.9754
2578.1512
2530.1748
2381.4335
3646.3999
1752.3373
235.7176
103.4470
171.3378
81.5628
58.9808
280.8962
1655.6573
822.1585
756.5506
1282.8443
1198.4452
997.9679
1138.7401
3413.8421
128.2122
62.8005
279.1782
354.8186
1977.8446
3328.0242
3693.8918
2918.2144
1696.3082
528.7409
927.6648
3206.1024
2779.5759
489.1543
347.5093
742.1945
609.8897
1669.3959
2435.2436
2266.2952
758.5487
361.9584
65.4092
161.8909
2980.5120
1168.8016
595.3444
535.5807
992.0865
2374.5631
1124.5821
1201.8757
2941.5664
453.9826
351.9367
2718.4589
3571.1308
3076.9811
787.4074
195.1813
40.4632
117.3814
231.6340
300.3707
232.3082
45.7980
420.6764
1841.4797
1201.0198
546.4049
1207.3316
2148.4988
1576.5016
1898.6992
785.8261
899.3980
41.8110
37.4569
2441.8949
687.1850
480.3206
1189.5416
1353.3922
1235.6621
1735.5040
2322.8034
2176.0117
1615.7639
1300.4252
1593.6726
2131.2223
48.7469
32.6706
233.7629
69.9283
796.5386
970.7722
163.0992
552.3610
3337.7539
2754.5580
167.1507
61.5025
972.1830
7.7242
6.8371
1413.3613
850.3107
1881.1720
3038.7778
2841.3794
661.9695
344.1258
1465.7873
572.4267
244.1475
392.4494
938.1974
1415.0947
687.1475
699.3539
1136.2710
969.2094
1065.2455
1685.7458
1248.7766
102.0036
109.9280
913.5944
1351.2403
3314.1053
2752.3857
434.4432
452.8188
604.6531
648.4922
1119.8479
75.0570
92.1523
1419.8466
1471.2996
65.3872
87.8383
1593.5882
451.2890
149.0049
742.9625
2177.4637
1418.0249
1148.8509
54.5466
37.3924
1384.6225
474.3100
445.8525
2068.7733
537.5014
905.2877
882.5312
241.5485
798.7049
219.7663
188.4166
2580.3665
1959.3348
1348.8363
1951.1366
339.2060
435.4077
2148.2733
950.1375
582.7730
942.7927
2098.4711
1013.8037
681.4276
1439.8767
1019.0050
1048.2099
1648.1437
1070.1029
1308.7593
1098.6296
1269.9538
2333.0435
1022.1913
242.3201
620.1022
2200.9583
227.1621
255.7019
880.3426
1262.1620
2488.2509
890.2584
544.9454
951.8394
788.4882
1054.7603
3009.8520
3694.8328
1129.5595
432.5852
458.8899
359.6169
1101.9670
965.7928
223.4494
673.1341
2671.9229
3007.0781
2361.8166
89.9944
28.3381
835.5838
3409.3941
2928.0129
3344.8873
1331.8041
1254.4646
3203.4986
2314.7850
2711.4309
2740.0119
266.7364
101.1160
664.6455
668.2758
666.3933
998.0008
1103.7815
982.0955
676.7760
728.6896
1198.6860
2690.7947
841.8903
751.4134
1666.8346
270.8794
178.6751
479.6923
770.8051
691.1907
1157.1725
3551.0251
2952.4581
1177.4871
1012.1569
1470.6715
2044.4988
2203.7223
2057.1045
2453.8235
248.9511
298.9718
724.1105
736.0248
143.0381
117.8012
1723.9716
2198.2324
167.1061
181.9947
459.4611
473.0282
2121.1579
662.8919
1110.5176
2124.6814
1271.2625
1179.8652
891.1875
1204.9215
1842.9353
2355.6325
1156.8359
746.8553
83.1066
116.4056
644.4888
245.9244
1211.6727
1842.8159
717.3905
1040.3323
2776.9946
1540.6953
1049.0508
2431.9526
1800.5386
1507.8989
2560.0164
2620.5158
1184.1688
579.4185
261.8952
187.6424
50.6108
16.2575
161.9742
1255.5779
1946.9751
662.4825
490.0525
1891.6206
3542.6571
3331.1542
90.7404
45.1673
825.3812
1127.6282
600.2623
118.1327
337.1916
192.3032
58.5547
540.6755
924.0346
954.6553
1943.3082
307.3992
151.4945
799.5072
193.5298
369.8972
3258.4194
1352.2593
1051.6231
382.0482
340.3701
2025.4268
2794.3629
569.1677
469.3174
522.7575
353.2394
1567.3383
1286.8717
110.4407
71.6285
874.9659
1374.0606
1230.3119
286.6703
273.7804
3079.5494
3663.5630
3078.1263
3193.3667
2356.4214
452.0531
323.3130
524.9789
1031.8290
2545.1821
2746.6846
2969.4730
757.3481
206.0964
571.3812
1061.3238
190.5159
45.6661
309.5858
6.0238
0.3321
167.4111
2901.7411
3014.6894
1498.8832
1194.1978
319.3893
243.2228
911.6775
138.9816
370.1457
3716.9814
2073.2797
2179.9025
2701.1100
682.2664
558.1168
555.0397
396.3755
287.4710
111.0297
376.4375
996.7518
958.4595
785.6733
637.5637
1485.3451
1750.4373
1115.3708
1515.7969
51.2946
36.9982
1316.9460
63.4231
53.0232
325.8252
39.9110
49.6769
0.5389
1.0161
1425.6100
96.4049
21.0540
737.8148
3223.5005
2636.5422
822.0272
198.0310
498.3598
826.8396
987.2194
691.4416
349.2216
1612.5767
2529.6863
1694.2332
1779.9232
2321.7020
2567.7137
2632.1116
1187.6984
802.0143
1939.0047
3046.1724
1967.4888
387.8770
58.4380
289.0662
2826.9737
376.5390
251.4192
1147.3096
868.0077
1582.2780
3582.0724
1314.8092
1158.4734
2374.0704
2051.1600
1354.7892
1299.3875
837.8586
829.5004
1777.5725
680.9749
760.9273
828.7286
101.9734
4.8662
28.0207
2039.5465
3403.2249
2484.1588
296.1503
106.9974
875.4297
2339.3131
2414.7876
2882.2711
524.2476
304.2605
1146.9046
1085.5848
1489.4677
1661.4476
1786.7804
3548.0153
1965.4379
961.2910
792.0829
1453.7055
1017.4150
620.4189
694.0477
860.8833
1407.1279
731.8744
231.4917
410.0094
660.1998
555.9292
1641.6288
1407.8704
222.3400
407.2346
859.9097
540.9352
203.3513
309.7852
1156.6685
616.4448
57.4391
52.2356
1170.4726
835.8122
601.3208
2211.1132
55.9342
38.1924
1595.5251
2007.6404
482.0288
377.6441
1982.3166
751.4821
705.3105
2510.6673
699.1277
599.6915
1312.3609
1373.1631
2219.9400
1300.6195
1132.6510
812.9640
127.7130
0.1791
1.7172
3294.9011
1506.2038
917.0744
1335.6310
1457.0773
306.7194
502.8412
1510.7902
234.3048
367.8236
2158.7538
853.7848
661.6485
2246.3531
645.2516
448.5165
1698.4212
130.0817
80.6032
1130.5614
2083.9264
2178.9067
2006.1823
876.6675
357.9966
243.0394
322.4971
1638.4319
902.1548
302.1123
1218.2554
2677.1369
1200.7583
1738.5628
1099.5178
360.3213
685.1376
1248.2859
1224.9608
1424.5035
1093.9016
1032.0097
1775.0975
546.0708
139.4208
474.9780
1283.5738
696.4298
1378.3766
2057.4614
1324.3071
1899.7318
889.8920
998.1408
808.4441
94.8217
231.8108
1295.9222
1073.5145
752.1693
1004.0019
1325.2794
1084.3864
370.3285
463.5367
12.9637
0.9779
191.0397
1192.0349
989.6803
1241.4138
114.1771
276.6547
2662.8608
1794.4004
915.5014
910.4498
1722.5550
1288.3571
1081.2530
1488.3599
1125.2689
350.0932
478.8382
2416.6612
1619.1136
141.2348
31.3824
58.2388
175.0218
899.6221
251.0326
302.5908
1834.0608
1424.2486
544.8178
285.1832
1222.5632
952.8939
320.2834
234.1896
682.4861
566.4402
188.1017
306.1744
810.1397
539.5264
478.4971
528.8315
278.5806
926.1783
285.8489
78.8126
818.7096
1992.5369
959.8378
1526.4622
350.3419
364.0966
1653.2230
1437.3758
123.2583
32.1085
371.0882
982.3274
1107.6018
190.9674
339.3102
2698.3786
2723.7429
3899.5116
3937.2549
2476.2497
2464.2219
1131.7065
710.8998
1269.9043
619.7233
610.6105
1231.3821
2228.1287
2990.7340
2974.0115
54.5671
33.3756
1010.5235
1460.6866
3056.2251
2664.4998
1505.2595
1486.3082
2044.1023
132.9899
178.4918
2471.3408
1612.4365
2025.4034
1669.8951
969.4243
500.2225
437.0762
889.8965
73.1692
125.0248
1847.8469
1591.8693
1566.3485
1087.6611
829.4257
862.7419
267.3480
287.8939
606.7376
408.7551
1737.0717
1578.1697
970.9910
1698.6582
118.5821
169.4657
3799.6048
3393.3242
1950.3685
333.2677
376.8089
1389.6036
1968.6791
719.1777
117.3914
333.2536
770.0298
42.1078
90.3440
2621.7066
1046.2108
164.3915
248.9484
441.5709
400.5212
60.8056
58.4930
1417.9400
168.6616
47.3293
664.9256
1182.5090
683.4024
560.6725
1487.8361
332.8325
232.4811
519.9591
123.6187
147.0128
537.5766
1276.4817
155.2662
47.7694
394.7102
547.4504
84.6704
345.7402
3762.6636
1396.1435
852.8101
994.3523
728.0859
1504.9726
2456.2807
2751.1927
522.8030
337.2511
96.1829
118.0739
1965.7681
1829.8967
298.5923
382.8494
715.2107
774.3448
3193.1287
1554.4136
1753.9678
2562.3735
2582.1684
882.8910
414.8469
658.1692
1236.3662
2435.0465
2525.7929
171.9257
163.7424
489.9277
171.7516
1096.6942
2656.2910
738.4411
571.4188
1022.2767
1206.4237
1345.4893
614.4870
501.8193
702.7628
112.3070
26.8187
313.9617
2538.1118
2798.7374
1275.1281
480.1363
1240.7996
2917.7869
800.9837
702.6391
1031.9843
430.5379
757.0268
631.6050
921.2074
3108.9198
2680.7045
700.7752
107.0034
306.6066
121.3331
42.6349
542.2913
163.7950
12.0511
90.1108
359.1767
338.4807
1792.6315
1105.0935
729.2906
466.8389
412.6475
966.0727
286.9237
133.5048
351.0994
459.8673
151.2050
177.1336
947.8975
2993.1681
1976.5536
1161.5569
1500.3587
1811.6765
2417.9118
462.4872
168.1729
808.8016
1468.0796
540.5844
184.8258
711.8801
1513.8817
1048.1090
2242.3521
3082.9155
1463.4329
1283.7542
696.8479
694.0553
604.8820
364.6177
1429.4544
2448.1626
1941.9239
112.2399
104.3853
1101.3806
256.2193
251.2973
911.6482
1211.0588
1390.4365
1106.1720
407.2155
46.0151
12.6408
232.2118
3719.1914
1289.2004
955.6356
2140.6541
2111.8932
2555.9297
1269.8509
33.2529
16.9339
642.2562
2511.1610
1519.1292
1901.9407
2003.3546
950.0754
314.0518
147.9247
396.2850
1769.2213
1825.5570
1198.1255
1800.6011
1518.9693
660.5362
35.0593
82.4446
1840.1020
1566.4539
865.3799
1011.7897
2452.3429
2689.4556
979.2170
62.5623
110.4619
705.5252
131.3573
320.9639
12.2281
1.5946
380.7078
797.4271
891.4204
70.1187
31.5991
130.0516
29.9658
346.9909
2871.8995
2224.7202
113.7225
89.7231
1084.3374
572.1155
276.6843
569.8253
1369.7211
1158.5543
1630.0673
105.7402
20.2669
404.3896
416.9202
496.9480
198.3127
164.3221
2489.2598
1284.7555
556.4429
549.5901
664.3850
1407.7511
2246.4837
2953.4944
989.8868
843.2570
451.4397
149.8707
1062.0922
2828.6077
582.5775
425.7219
1737.4499
2735.3194
257.6514
281.0088
1455.5909
274.9165
432.7885
2480.8061
2828.3137
1517.9661
658.2692
527.6358
1384.3537
560.8803
626.0089
3444.3234
2800.9426
71.5936
73.8764
1022.8435
1056.7566
482.5863
192.1997
661.3724
68.5421
30.9370
537.4010
2153.6031
145.8226
15.5478
114.1649
691.0640
1101.1482
699.1752
1264.4102
2166.5446
2628.9675
1190.3482
323.2818
44.2918
48.4376
519.1402
23.4634
43.3859
1011.6328
842.6326
2289.8026
3339.1627
1082.6306
631.7429
2249.4251
647.8218
150.0748
566.9866
1862.7447
835.1315
175.5997
384.5430
1137.9937
312.3448
86.6874
40.1263
138.1461
1.7063
3.2303
3363.1406
866.3419
615.2634
1395.8769
1560.7641
167.0623
59.7872
1081.1865
317.9925
4.5176
7.0142
191.1537
18.5917
41.4748
1301.4165
510.3900
681.0613
349.0432
348.8089
1926.3787
346.8424
300.0220
2300.8651
2299.3085
732.0914
118.7914
301.1804
197.8113
250.0715
2600.7897
708.0612
370.1977
322.7322
415.5208
729.0315
1163.8037
2092.5421
1070.6757
1276.5398
1438.4190
2105.0536
450.5245
378.9980
166.1425
17.5820
141.0682
16.0082
19.3195
1218.3455
805.1411
598.5902
633.1563
842.2237
1817.0592
2262.0556
1923.7652
1719.7313
1940.4136
1639.9722
1829.7452
2542.7230
3229.5057
4023.9008
799.4728
316.2763
836.3705
477.7041
519.8318
310.1820
209.3415
720.5948
861.9048
996.2340
366.6343
6.8454
11.3645
900.8497
2965.3422
3267.5624
2653.3062
2550.6008
1989.0182
1055.7726
1488.2948
1706.1501
2010.4025
353.9425
119.9578
892.6677
2117.4108
1399.7199
1184.8627
317.4832
400.6237
1163.1781
1097.9963
555.9574
133.2755
238.0064
15.0425
20.8715
1591.1027
2547.5813
1177.1329
329.7990
423.4543
1973.2866
3538.8917
214.9320
46.3927
632.5070
1024.5376
346.4114
907.5984
553.4772
487.9673
2203.6795
1747.3937
141.0870
100.7374
153.4259
178.6995
1943.1146
16.9182
0.7816
67.6655
849.5601
1557.2817
2522.9069
3549.0203
1882.3091
81.5918
42.3189
644.7461
1647.1682
32.0336
43.0861
1192.6105
256.4931
293.1639
219.9733
342.4836
2477.3107
360.5782
243.1632
182.2284
26.9425
268.3805
1389.9067
349.5015
61.3542
82.7728
196.2160
526.1367
1490.4110
168.6570
37.3763
324.8304
1528.5700
1008.0135
1633.2975
240.4735
115.2321
1038.5483
1794.5972
3228.2008
2957.3615
1765.8144
438.1539
738.9905
479.9838
190.8940
637.5670
795.2842
1290.8974
389.6175
236.7314
500.3304
769.1933
201.4060
10.7080
111.1976
3216.3380
2371.8962
2489.7400
1019.5401
53.6439
67.1794
828.5982
1944.0666
45.8839
48.3803
2349.5372
1786.2304
464.8825
740.9189
1675.9170
218.5436
274.8543
1550.7443
2116.0157
618.2871
589.1248
321.8657
107.9081
919.4616
1519.1940
1306.9982
1217.6317
157.8644
407.0900
1640.5520
917.5502
1056.4607
935.7210
1368.6635
2194.9626
970.3646
895.8647
2373.5967
1742.4922
787.0170
222.0555
15.7325
9.7572
50.9165
163.6615
1110.7086
230.2292
220.6341
3417.8665
2956.2729
2801.0311
544.7367
534.6832
87.6100
64.0124
801.2367
546.0448
112.2566
53.8562
41.5219
64.3393
737.9571
1215.1821
625.8432
954.5063
2376.3467
644.1313
380.2372
138.8758
27.8575
128.4029
733.2166
846.1999
1004.1008
2247.3657
152.8722
77.9063
1874.9917
1212.8177
133.5133
375.2468
2060.0062
1510.9419
818.5260
212.7314
269.6616
225.3346
19.3622
70.2579
1074.8466
932.6899
343.2039
646.8816
2482.9844
2086.3488
2633.0829
2414.9828
1628.1292
366.3402
199.0129
395.3166
373.8605
1152.9264
1027.8651
191.3664
379.6040
1517.8793
1029.1403
1082.3472
657.5766
247.5684
565.9663
896.1171
1607.0034
1925.5170
552.3506
1065.6316
2555.5860
1214.9303
1364.4219
2672.1126
357.8882
283.6329
461.7990
16.6925
0.1474
2.0914
1061.9885
197.8328
197.4221
1608.2299
148.8729
115.6358
1036.3476
404.9517
258.5005
1257.1092
1985.6150
1304.8374
921.0117
931.2542
847.7879
666.1650
1165.4986
1915.1468
2446.9931
1757.9191
450.0720
324.8886
1167.4915
747.6735
213.6379
815.1835
1401.6698
1100.9620
1651.0789
922.8891
422.2217
211.0420
143.8465
240.1125
577.1516
1759.1817
3886.7610
2251.9265
996.5507
1582.6836
343.4669
269.4569
598.8365
84.0134
157.1648
639.6319
833.9707
606.9087
823.1800
2800.2873
1809.4313
864.6627
821.4927
1303.8209
1446.3277
1801.7613
3216.3589
3451.3080
2892.7772
1581.6107
1279.2197
711.7606
988.1366
631.1985
200.5327
974.0374
2946.1141
2635.3119
2997.4842
2072.4303
244.3047
107.5169
227.5967
160.5679
24.3620
47.6169
532.5507
792.2225
619.3047
362.2995
936.6263
1698.8252
413.7837
422.9008
934.0953
1311.6646
1106.0972
970.3584
1808.6000
1784.8978
427.8595
508.6561
1708.1911
2057.0806
2696.0113
1866.9375
2757.8599
2094.4542
1967.6408
289.7405
286.0345
1840.8128
549.3088
768.2287
893.5155
668.4395
42.8392
82.2935
2104.2191
420.9227
402.4997
389.1749
695.4363
3302.0920
27.0409
24.6717
1500.2896
674.9542
1125.0514
9.5930
7.0250
1018.5723
384.1856
807.2677
1686.9584
242.5052
81.0374
318.4979
1870.1079
634.0049
236.2297
1097.5505
568.1903
208.9436
1100.2778
883.6870
690.2818
2669.0787
93.4970
6.6866
262.6779
553.4107
461.2635
482.8887
168.0841
955.7866
3230.4773
2588.8808
1490.4798
1237.5904
1599.3691
1311.8325
1503.7848
1648.7016
1528.0794
632.5703
297.0556
1322.8228
3651.9402
1402.4084
1342.5183
3574.8823
2827.2740
2676.4790
3843.7893
2655.8632
624.5823
611.5577
950.5621
899.3715
2087.6401
3098.5883
3462.8473
2515.4870
1337.8324
478.9324
236.6413
71.6572
42.5859
405.9400
310.7484
304.8768
129.6397
78.3064
228.5600
451.0996
2.5950
2.0225
342.0911
285.1460
600.1976
654.5858
618.4362
950.9832
1672.2816
1013.0898
1190.2338
284.7677
193.4081
394.4821
909.2369
1672.9451
786.7415
406.6748
158.6868
405.9669
1986.0747
1605.6254
1929.6837
1930.0818
1725.7624
2635.0060
2716.2478
1956.1204
2163.3898
853.0493
676.7829
16.1248
15.4530
494.6090
387.0404
1304.5161
317.6237
121.7404
418.3525
1952.9964
467.2745
246.9104
302.0771
278.0957
785.1664
1457.6558
857.6019
289.0572
934.5714
453.3603
602.4312
2057.9240
707.6059
195.8644
457.3524
2993.3266
990.1289
612.9477
1426.7370
2373.1366
3438.0475
1477.0555
231.5648
517.7022
1865.5095
1949.8404
3260.5573
1322.2854
1243.6254
581.3935
672.7011
2861.9221
2789.2685
226.1484
117.2648
1346.3528
1910.5657
89.0430
9.6931
234.6518
3225.6363
3528.4348
2616.7702
658.0269
707.9897
2648.8962
1599.2885
663.5385
1141.2025
760.2432
568.3734
2345.6255
706.8387
653.2058
3418.7818
1816.6528
302.7279
623.7111
743.1905
482.4064
1501.0107
906.0710
1194.1448
3052.1725
1833.0243
1542.1598
2739.0415
1601.9836
802.9697
283.6550
530.1528
1409.0629
1732.0287
3410.3918
6.7334
1.9810
54.8825
143.7782
610.8105
126.0296
127.8145
618.3832
598.9143
506.0806
1039.3320
1396.6743
2838.0314
1057.3804
946.9868
1189.8379
1008.3900
890.4323
82.6119
180.4745
2115.3344
1178.3134
463.9797
1092.3174
3242.2798
3464.3858
858.2146
214.9029
114.9707
39.0494
218.4854
2007.5243
2103.7846
1194.8154
185.9807
257.6423
26.4765
2.2041
166.2053
1036.9341
443.1811
615.8798
1726.4236
1137.8078
916.5931
410.0886
304.1092
758.0941
577.9871
863.0415
1378.9997
2661.9396
3267.0183
699.3803
588.6659
153.8480
89.1663
4.4776
6.6243
1295.3949
134.2535
2.1882
9.6282
821.6586
245.4332
259.2095
1317.2181
1813.3305
1989.8291
849.7023
1198.8318
1416.9748
387.0567
379.5632
1729.9816
1659.0488
404.3446
284.4359
503.2066
1460.4815
3413.5082
590.2573
456.9120
1674.0360
1521.4436
1458.4917
1402.4039
436.5674
446.8577
965.4653
558.9690
760.1927
841.7328
1252.4035
812.4134
941.0684
2762.1555
2392.8955
892.6732
735.5148
2381.0296
2832.7840
1164.2145
529.2954
594.4978
1011.1443
2121.0497
810.2507
870.0388
3037.3712
1117.8923
846.5228
1226.0704
1983.0633
1045.9899
1035.4792
141.1734
58.3334
37.1958
65.4189
576.9090
167.3525
126.0453
25.9780
36.1966
654.9696
1540.3228
960.5451
302.9863
72.2833
172.0958
1424.9124
2646.2041
1664.0062
1131.8406
423.9519
558.1748
2005.2473
1257.5804
1215.1389
307.1772
366.2593
3657.2411
2885.7880
1957.5351
587.2748
631.4736
898.7569
1179.1061
3509.0292
1371.7306
705.1383
505.0149
117.0885
292.2983
1892.9412
364.1418
49.5824
198.3004
269.3463
207.1621
280.6088
641.7696
3508.8334
1007.5031
813.9783
2758.1851
1951.6132
516.3707
811.1078
892.9048
409.4422
1577.1666
2339.0255
583.8135
778.5893
2573.7705
963.6124
276.2183
500.8706
1731.7718
1441.0656
794.2510
1277.0018
1968.0147
534.9261
357.2876
1512.9598
2969.8826
1159.8998
887.4160
1496.7172
484.1068
559.3514
2032.8399
210.8848
115.9888
1572.8426
2978.3899
2825.2109
3183.2002
3273.6417
2611.8319
884.3516
929.1951
2108.6323
2640.3477
410.8708
249.3038
1573.5393
1782.2708
2236.8792
845.0587
1019.8386
621.9362
194.1274
176.8108
206.0600
352.5952
851.9931
1715.9385
739.5953
137.1130
360.4224
3112.6425
1663.5488
1089.3448
1406.4142
2589.5258
3592.6528
3089.0508
2243.8967
2564.7335
3021.5471
2788.8993
272.2677
117.8981
666.5296
499.5921
380.7148
1139.0403
740.2822
684.3001
2458.9256
721.7886
771.0592
371.1303
312.7896
263.3426
323.7031
2949.7054
1669.7231
1234.0367
840.0447
528.6495
790.9877
5.1781
8.0839
735.5092
208.2404
614.1547
504.8156
759.7953
1608.0084
1036.8293
1717.6663
263.5405
372.3798
92.0638
17.0150
407.6242
444.1872
320.8366
61.1581
13.1096
9.1619
6.4083
163.8053
1940.0970
1326.7931
386.7288
197.2933
569.5269
1860.3278
998.6746
593.0240
1478.4859
390.9814
389.7387
1314.1907
570.8863
547.4477
241.0786
352.2622
980.2626
406.8051
567.3327
689.2417
182.5681
668.8044
2173.3323
1475.6704
2462.7608
635.0734
572.6669
2861.1545
1845.3147
1075.9261
585.1715
156.7561
373.8961
2321.8610
1223.8421
689.1890
1032.3413
2024.0630
2651.3272
55.6240
34.2637
1133.1872
496.1726
438.7425
812.5365
587.3640
110.7922
209.6804
1561.8804
1413.0717
560.7708
738.9736
2039.3670
1357.2030
2068.1001
2931.1069
3067.2345
540.5663
589.3044
2275.8877
1531.9257
1834.7733
1506.5885
433.0163
647.6340
2885.4572
2849.8707
1828.8975
1084.5132
50.4046
9.4261
193.0910
2102.2870
1821.9198
341.9545
237.4147
489.8664
437.8368
49.6046
97.6065
1223.9699
2018.7278
2542.0504
332.5353
453.4558
439.1882
178.9041
18.4306
48.8892
1193.0982
730.1994
1242.3472
1670.8099
1915.2542
1683.0955
1035.8804
1077.5394
2736.9557
155.2695
82.3414
121.1738
78.4108
921.6364
2377.8259
3006.8431
2278.7877
1072.5169
728.7361
493.6410
618.7161
453.0730
257.5335
128.9517
43.9138
260.3900
1721.3568
120.0457
20.2078
31.7263
68.2669
249.0195
704.1450
1156.1778
766.8752
155.3996
261.8820
2172.9405
1576.2306
661.7982
623.4156
833.0562
1116.1330
207.7405
71.4667
394.1581
160.8156
2.8181
17.5591
842.2367
932.7725
40.0156
33.0238
1626.1250
2783.6454
950.8252
739.8336
1992.7751
281.6096
427.0630
1240.5240
758.0026
284.5318
45.5528
0.7825
3.8707
1465.0967
2498.2323
2017.2377
1110.1619
720.4043
439.0174
63.7607
75.4690
492.6038
1069.9423
920.8026
1023.7725
352.4689
170.6049
1160.2266
564.0231
68.7960
303.2481
2203.4223
1620.1027
470.7109
314.2845
328.4488
720.6090
2175.0072
1289.7994
1361.1131
135.1624
18.5297
7.1592
59.7900
2441.7271
2904.5860
2798.6222
1254.5915
778.6336
719.2507
928.1864
1116.6449
1833.8270
3553.3946
2861.4238
1868.8631
213.4594
261.5568
1691.1313
1301.9414
1273.2163
660.2896
148.5584
416.2321
2878.4105
1174.2427
396.1075
236.4534
757.3691
1739.2006
1478.6890
2269.0553
2398.1330
1138.7519
1030.8058
2362.6578
2668.6085
2873.7941
2017.8677
127.2520
74.0282
211.6181
370.6137
1877.8938
1656.9923
2244.0095
3897.3710
1815.6900
223.6735
108.6149
72.1636
127.7882
1209.7868
429.0102
423.9199
3074.3428
3135.6892
1558.2781
283.9334
232.0974
1652.1264
1567.2718
45.0949
94.7798
3024.8445
3518.4538
3436.6877
656.4190
231.4565
905.4011
1154.4629
1574.3439
2318.3856
2102.5307
1099.7932
295.4548
843.8316
3198.3518
718.8102
207.4045
752.6215
1134.3939
316.3959
241.6859
503.3122
716.9660
704.2047
657.8643
1456.6370
955.4910
127.8485
313.4952
1583.9639
1548.0341
1154.9015
517.2928
758.9946
2390.8213
2627.7994
1358.8876
15.6900
30.3178
1403.9749
425.9648
854.8468
2376.5308
2814.0357
2275.2475
703.0709
848.5159
1096.3719
414.5148
244.1307
176.1977
626.2484
2767.6410
1100.8534
431.5341
528.6807
496.3865
1150.2766
725.3606
138.5075
235.9411
740.0242
1252.9558
772.7820
1078.0302
1922.0860
1134.4067
762.6149
72.3165
8.8801
81.7189
1388.0554
142.4038
45.2856
1044.3031
2501.3637
816.9933
483.8426
1171.0287
275.7277
258.0346
1278.5418
1518.6224
2169.8953
698.8769
26.8548
55.0289
1392.3479
526.4324
254.5829
1139.6998
3340.9788
43.3449
27.5548
1514.3011
1523.0030
580.9381
992.1929
273.4724
232.7600
130.2833
14.3529
194.1212
1423.6752
1248.6943
1470.1775
2245.0949
2685.6750
171.3921
102.4456
1812.0798
3350.5205
1066.6868
968.9903
3101.7864
3407.6396
3603.5511
3117.8847
2259.5643
2186.8180
990.6741
647.2183
981.2685
1289.4917
2162.0957
794.7599
855.0440
938.6033
1.9769
4.1285
1503.3613
776.2006
1261.6464
964.4047
317.3895
1329.6360
584.9136
205.2130
1004.1475
432.6017
420.4507
2772.2660
454.0116
325.0115
341.7816
467.6420
2350.5800
1150.1694
1178.4342
1471.0552
1515.8100
1402.6687
925.6800
372.2362
587.1929
733.4254
644.2929
1809.4391
1688.2174
580.2576
467.3495
1007.7402
224.7703
95.9602
41.6786
142.9782
67.4397
23.6826
690.6132
1500.1252
245.7671
285.8313
2431.6473
2158.0125
2131.2762
1091.7080
212.0595
622.5417
2017.1383
249.1951
427.8818
699.0899
150.3345
683.7755
1582.9022
1512.6015
203.1746
88.1197
19.2314
12.2013
308.7399
343.8006
748.5303
366.9827
266.3750
979.4466
591.4868
659.2735
1790.9634
1431.0332
974.7200
1388.1311
1322.6877
1682.9611
18.9327
12.7744
355.6423
384.4527
274.2544
261.9980
870.2746
706.0945
729.1075
623.1102
1221.6920
2599.8694
2691.3740
1231.6111
907.9495
1082.5314
408.3966
255.4207
20.3816
39.7039
676.0235
946.8595
2495.4457
1878.1710
783.2142
702.3384
1960.4593
2945.0706
1125.2480
1245.7841
3092.7180
27.1807
3.0408
399.2827
1502.3760
1343.4713
157.2113
88.6457
797.9950
1412.0643
1274.4011
740.2333
2043.9475
3100.2875
198.6295
75.1658
712.7183
1793.8448
2792.9939
3474.8218
1346.0160
883.4219
2363.1501
953.4718
376.9990
1411.1541
908.9443
839.0251
3077.2773
519.4598
263.1817
385.3417
284.6808
1130.5335
2105.8844
23.1128
8.4798
852.2504
637.5182
88.5766
468.5575
1608.2801
1396.5185
2240.7487
2588.6113
1067.3943
235.4809
228.9596
1078.6667
728.0409
23.1316
83.8959
61.1400
63.4116
889.4924
896.6469
2319.1334
2505.1108
2805.1949
3347.0052
376.6190
371.6681
3307.1737
178.1848
12.6056
2.1109
18.8920
2070.1705
156.8820
21.0164
239.6719
967.7676
37.2494
29.3232
940.6617
2217.2333
2461.2159
1342.5789
955.8016
1244.9718
520.5754
299.1647
1057.0293
1416.7852
1612.8676
191.6005
47.6573
225.8525
13.0682
31.1247
148.6465
198.6347
1382.8682
1323.0847
858.4532
352.7299
588.4292
1335.0644
92.3961
67.3067
2258.2657
915.4335
326.6066
755.1263
104.2324
61.4734
521.7281
480.4820
416.0961
825.5509
238.0088
63.8306
275.3062
1110.3482
1760.1204
849.8110
408.2836
151.6815
38.6039
321.4858
312.8444
161.6128
440.6826
187.0349
171.0983
80.8781
307.6932
482.7262
309.9633
1786.3639
309.7372
42.3468
251.7128
168.5620
293.7327
3734.9419
3390.5617
3005.9918
3550.8072
1549.4417
686.4083
1246.4409
2641.5311
2097.5717
1399.4438
1390.3419
504.7260
346.7434
550.1023
1211.2594
2457.0982
108.2574
136.6587
934.1920
1011.9127
3758.1573
2203.0366
626.0677
548.5820
361.5045
135.1378
67.0741
271.3027
2938.5986
1696.7311
115.9280
163.7858
1417.3144
841.2132
1141.9549
1240.6438
1454.4368
2503.3084
362.1054
43.0549
196.2940
1215.4113
1974.8910
1324.1666
1312.4404
2921.9950
1517.0416
983.3178
548.9210
344.2189
730.3685
852.9395
158.3559
114.0550
431.4172
1519.7220
971.8731
571.2083
919.9385
423.7480
915.8292
821.0056
640.5566
824.7153
549.4909
1467.5923
2300.2480
1672.6918
1353.8193
690.2649
28.5748
48.7084
1692.1230
2010.9602
594.6617
100.9055
317.1044
2110.4962
325.0694
108.5190
700.5520
1552.4201
667.1079
520.8853
291.2241
493.2352
1792.4130
1296.9406
100.9568
131.6605
1583.8606
420.6223
591.2417
2283.4434
1068.2496
1448.8598
1505.2303
489.7273
137.3875
148.8587
634.9628
1360.1032
469.6684
124.2875
607.9240
1048.0464
724.5692
1681.6626
2154.1610
1101.3107
388.2979
881.2226
791.9435
434.6655
1431.2617
541.6842
153.7471
462.3978
1168.4647
2279.6545
2413.4875
2559.5651
347.0195
194.4858
1186.2047
1395.1843
245.4914
4.4641
12.4351
567.7855
1633.8619
2094.6433
2635.1237
3249.0698
2946.3380
2909.6383
470.7518
65.6327
417.1421
3360.9837
3009.7724
2359.0167
1734.2386
412.4406
261.5678
648.8527
590.4433
55.0513
83.8681
470.5242
570.9275
641.4998
132.4465
421.0893
477.0793
552.8002
2954.1076
1230.6447
458.9748
448.1637
1297.2479
2869.7616
1490.7643
148.6816
228.6008
2494.3339
2865.3257
2625.1808
2319.6927
1363.4181
504.9532
341.9977
1287.5177
350.7412
319.0580
1332.4829
1538.5065
3748.7075
3663.7514
518.8681
425.8801
2748.0443
926.0573
168.1948
511.2560
2853.0439
1995.7134
581.9583
280.9387
996.0980
3057.0508
2799.3915
1810.7615
946.2201
1580.8737
1772.6954
347.5704
553.7296
260.3353
174.7647
129.4694
111.7945
62.9149
98.4597
1351.3235
818.2720
297.0897
18.1576
66.7777
1968.1204
1327.3736
1655.6690
370.2061
278.9737
2515.4059
1543.3279
1122.4495
942.5317
927.2647
2055.5803
1961.4153
483.9633
120.6213
356.7560
255.6558
198.5501
1848.6936
1406.2994
646.6944
901.4985
463.4749
377.1167
547.9471
188.7518
445.5868
2801.7223
804.7918
748.5448
1703.7976
1530.6473
796.7963
748.4995
119.1033
49.3778
423.4036
1110.0219
1787.6605
2398.5532
4069.2163
2498.2872
1554.3391
691.2429
697.0519
1578.8883
83.7266
35.9482
602.4859
2043.7987
3183.6096
3105.0048
1093.9515
145.9195
226.7883
1191.0495
665.7780
650.8661
543.4810
423.3082
1005.8146
302.6155
370.5083
968.0686
589.9104
66.3669
93.0612
1538.9154
856.6740
1057.5152
1568.7695
1732.8320
2203.1118
1491.5480
1463.5030
1332.6474
599.5159
517.3829
922.0751
201.7238
81.3996
474.8049
200.7389
154.8266
1578.2194
2370.5787
2102.1882
2160.6624
711.3879
929.4653
3133.4015
687.3457
509.3442
814.4707
1305.0941
987.9282
1007.6936
634.0370
247.0327
421.9530
820.2032
1836.1662
1495.9478
1928.1868
66.6497
60.5342
1572.6844
312.6939
48.8085
123.5204
0.3124
0.5835
104.1534
25.8887
140.8446
170.3736
826.0591
2241.1463
1790.7543
3155.5117
68.5449
13.4054
490.2919
1847.1585
1513.7072
1327.3201
203.1440
143.0739
367.5351
55.9095
44.2607
597.9056
3212.2902
2737.7569
800.7780
865.3149
2330.9454
1580.4594
1410.7385
2318.9182
3767.2983
197.7690
85.8407
1233.5068
523.0702
160.6646
114.9690
128.4868
718.5557
1164.1880
1589.4805
195.4515
59.0334
616.7708
549.5782
930.0740
722.8464
259.5054
205.1599
405.6486
1095.0522
1086.1112
535.6889
246.3731
901.4336
1695.4484
222.3536
246.7838
548.0952
743.6180
2772.6130
2076.4800
840.1776
454.1929
524.7467
1430.6653
1160.5285
858.0417
1991.4020
267.5879
206.0148
488.4630
101.6572
193.5211
168.3948
403.4179
716.6987
719.0517
1661.1362
657.4261
878.5825
2195.6352
174.1319
149.2451
1057.7318
736.8519
2175.7416
930.1225
74.8466
102.3679
1122.6564
3239.2115
2271.2160
2167.4349
765.5615
713.7099
2562.5329
2090.5979
2305.7426
146.8759
44.5545
108.7835
337.9860
2658.0516
958.2454
275.3751
596.6290
331.0583
443.7491
1315.3878
1479.5941
3624.8638
1618.2519
518.6893
504.8389
1502.1382
2695.7096
769.1666
693.6992
1510.8694
2060.2878
2021.8275
2295.8915
958.1652
631.4598
1059.9372
250.3659
462.0677
1164.4237
528.5642
1224.1014
2555.7482
1024.4211
1348.6934
602.9968
661.5950
902.6939
188.3378
536.1894
429.9155
356.3897
1780.7564
1510.7094
1017.9031
1158.2897
1868.0093
1342.5095
1020.5704
683.2638
989.0161
2734.6472
2269.9677
2311.9526
360.9799
63.8778
373.8314
786.5846
106.8943
315.9234
1090.5945
1397.8046
303.0405
21.2560
48.4369
3.2849
11.2557
150.0381
179.9521
1273.8762
677.8503
718.8125
1716.5866
2732.8428
1859.1591
2085.4831
3297.2406
1726.6004
1305.5818
479.2137
425.6872
1087.8244
827.0503
834.4060
398.4398
170.9379
284.5934
1139.0275
675.1830
12.4767
50.9394
1843.6540
1078.9484
2095.1195
3593.1987
1724.7947
1463.3156
494.7969
553.6260
2421.9784
212.9626
143.7718
488.2085
1047.8314
547.4481
376.2205
1384.7664
402.4133
94.6002
211.9677
1558.8485
553.1055
563.4341
3131.5198
1647.9599
953.3289
63.4621
16.8031
344.2055
494.0405
60.3497
162.3425
1564.6017
784.6138
323.8956
583.0692
426.5468
203.7604
341.5896
957.8530
576.8052
50.2804
176.5571
46.9276
41.4144
2941.7414
1384.3678
576.7374
169.1154
420.0061
3441.1804
669.5729
601.6822
2295.1911
262.1831
177.2170
981.8625
1546.0879
2333.1925
1628.7111
1503.7141
2003.0600
1117.7384
604.3830
1018.5345
2563.3673
2342.5769
2143.5164
1653.4529
551.2020
557.6836
1526.2929
1190.9884
478.3080
161.6283
42.2306
337.6754
3400.8779
573.6012
42.4766
204.2510
191.0248
128.5365
476.2453
892.7643
3861.7566
3180.4884
1999.3834
835.4942
322.8498
245.5303
634.3346
1112.6606
504.6350
885.4133
613.1562
677.8950
1743.7235
1540.2519
1331.5030
1358.8133
1187.2026
800.8961
1877.6095
3507.0586
2647.4574
2461.3162
1646.7953
297.7583
405.9768
1019.6950
1575.4586
1120.8329
375.2343
278.8868
71.4543
43.5830
52.2664
287.3852
465.5064
340.1643
1192.2466
886.6259
1554.7822
2452.3242
564.6608
102.3930
163.9762
491.7327
258.0760
645.0522
596.8602
232.3144
148.1459
106.4826
90.8221
48.2841
230.2124
1601.6227
1087.5981
475.6556
957.2098
291.6283
142.3633
218.4779
562.9007
352.0098
311.5540
85.6967
64.2229
64.8342
33.4451
846.5563
1111.3734
740.5922
1361.3347
1025.6503
86.3098
189.2166
3436.3520
579.4015
204.3500
1174.8302
2829.7376
1853.6342
2256.9045
3827.4840
3711.6123
1171.7685
966.8691
1389.1640
462.9465
411.6895
505.8279
290.8395
609.4080
1337.1963
367.8033
150.8052
362.9117
747.7475
829.3797
222.2230
186.7541
381.1371
530.4534
853.0716
1088.4239
749.4977
858.7199
2824.4088
1746.2353
284.0218
236.6089
416.7725
271.1947
207.9270
210.3127
304.3994
196.9804
237.5312
407.5588
1295.6022
2218.9003
2262.6158
1121.2729
32.4669
91.8647
1471.9017
561.9554
923.0560
1040.3193
866.6807
1848.7224
1037.3614
486.7617
235.8558
134.4473
282.0255
1189.0227
293.9243
121.6005
1181.5494
2533.7991
1138.9165
763.3998
469.7951
93.0586
260.5468
461.7062
450.0784
910.8175
248.3167
443.5092
1851.1003
933.0858
432.0003
858.7673
1782.7062
1103.9078
417.5603
1108.7225
1172.7543
1161.0053
2099.0299
1401.5217
980.1786
178.0541
119.8189
202.9668
386.4848
1204.1427
1143.0101
267.6117
445.8056
2889.3912
3732.5405
2182.5208
1765.8975
1901.2150
449.2936
610.7876
1610.5220
1480.3162
2785.2903
1034.6637
173.0495
517.5698
3140.8847
164.9939
78.8570
975.0574
936.0840
736.1457
1166.3834
2612.4827
926.1608
110.7470
300.6748
1996.6270
2322.0404
1258.1454
1130.5748
514.5150
335.6112
1411.0006
1.3732
1.2091
920.3108
1084.2414
1376.7706
582.4877
810.4803
2302.6838
1316.7734
1202.9027
3084.7200
599.9567
257.9492
70.1395
115.6301
940.0628
534.3502
1307.8070
1529.8836
1490.7043
873.3231
519.9196
1216.1540
1924.8430
1441.6127
1383.5106
1192.5959
658.5053
1230.0278
138.6250
15.8571
30.5471
194.4418
390.5962
104.8455
479.1215
2023.8447
1753.8509
2019.1091
1530.4804
532.1615
559.0757
1214.4493
188.0224
400.2086
3802.7730
1583.1539
1638.8626
1503.4485
1252.8916
1019.0944
940.1329
1584.6763
2014.6093
2248.2777
758.1366
702.2820
366.4081
181.3215
281.4073
462.8013
23.2528
25.3929
236.4049
463.9769
524.8870
189.4203
937.3151
272.6925
317.6034
1635.6486
686.3204
427.0203
782.7955
1286.9623
1878.9122
2966.1073
877.2939
1047.9035
3452.4225
3199.8885
3147.5543
232.5974
69.8397
377.4561
1461.0888
3508.0925
693.9874
746.3659
2043.5407
2012.1343
1657.7743
945.0265
355.9044
77.2255
325.5986
759.0360
837.0453
1516.7677
316.6242
137.4016
261.8556
1105.0969
1093.8807
754.8750
2329.9530
2948.8082
2118.1736
2398.3873
1145.8004
965.4602
590.4745
294.7497
200.2420
156.1708
231.7224
58.7923
1.5765
2.0999
368.1463
2710.3200
1947.1122
1787.4910
330.9827
235.1300
1039.4685
715.0429
245.5039
227.1449
577.1196
1004.7847
1412.5662
2637.2700
848.5311
270.4622
186.3067
232.1724
1485.6035
1538.4751
284.1443
139.9720
153.2003
7.1845
6.2347
446.5803
1804.6147
444.8637
19.2002
21.4510
30.7624
54.7284
14.7910
26.8397
570.5324
83.1343
71.3918
356.1149
995.3806
2050.4300
165.9006
147.9348
689.3231
717.1904
212.8485
178.9461
737.2500
451.9313
1658.3166
55.1218
10.7732
201.3873
690.8959
1835.8219
2350.0488
930.5443
803.5358
592.0725
343.2498
1090.6863
1778.8025
274.4631
78.6480
506.5959
236.7750
25.2239
64.1062
920.3992
930.4559
173.0667
245.4136
1170.7017
866.3333
213.0614
668.6703
2379.1088
412.4534
404.2765
1719.6155
1229.0275
883.4548
1307.7188
2799.2980
1231.1151
892.3176
1414.6111
1819.8294
1693.7428
267.5595
293.9851
1008.3449
1770.3032
1264.9291
684.8740
1334.2997
88.9955
129.6002
865.8425
888.3787
1351.5845
1146.8621
2263.2878
344.9967
196.4629
495.5448
298.4718
280.5661
328.4358
98.5892
35.4468
148.7799
795.7171
246.4845
247.1972
1926.9345
533.5902
170.2124
253.4378
705.7189
455.4048
262.6769
1620.9871
241.0583
17.1745
128.8621
1234.0377
495.4327
692.1828
2602.8110
714.2031
650.1201
2298.5833
349.9701
318.8580
2408.3596
1460.8147
535.0992
514.7463
718.3265
1442.7924
1374.8902
1515.8354
1722.2305
954.6668
114.2523
58.8893
341.9249
1183.6332
2902.3236
1719.3781
794.3322
383.7830
12.5274
7.7716
468.2635
2328.4285
1586.5513
1826.9434
3568.4436
311.7017
134.5466
803.2210
1921.3394
3049.6738
405.7746
394.4064
1327.9442
69.9475
168.0211
816.9202
244.2091
1023.9432
3129.9511
1752.0309
411.9174
53.3712
2.1787
19.0832
411.3907
