40.7257
43.8113
26.0033
31.4116
26.7919
62.2374
54.6479
15.3916
33.5268
34.0156
3.4027
50.8681
0.5839
23.4219
2.8072
15.2875
23.1169
37.0626
4.0186
58.6388
9.6940
17.2600
8.1816
21.7319
58.0361
9.4704
18.7993
44.1380
25.6668
57.2854
26.9829
57.4764
46.2456
11.3224
17.9014
15.0981
46.2675
7.3947
3.7566
12.1271
5.8517
23.6240
12.3887
30.8912
21.9450
16.6079
46.8539
45.3747
46.7443
14.3051
45.1975
30.2718
3.4662
16.5191
5.3657
2.7443
39.1282
46.2668
36.3926
23.2698
47.8635
62.4682
9.3206
63.3597
2.2586
19.0379
33.7683
42.1076
52.3493
48.9658
48.5201
23.9186
39.0728
41.3334
34.9921
47.3467
34.0725
11.9324
55.8678
55.1244
21.7309
6.0983
63.7377
15.7300
39.0368
46.8869
53.6810
44.0407
60.2386
57.1141
30.6818
60.1164
1.6436
0.8763
40.8841
22.0990
59.4699
1.0378
58.9823
17.7402
50.8431
34.8746
47.0429
35.3181
42.1920
43.2753
13.9024
17.5016
1.5147
3.1571
53.4370
57.1177
55.8975
43.4208
1.0621
26.2625
59.2814
47.9814
45.6747
13.8388
50.2239
16.8052
29.5561
21.8883
50.7090
42.9558
23.3541
47.4834
41.2663
16.8872
63.9841
46.4178
58.1323
35.4170
53.8407
43.3623
0.8404
12.0875
2.0032
54.2632
3.3435
50.3221
39.5563
0.4964
48.4192
37.7091
52.1037
46.1822
1.7281
52.5335
56.2869
53.9051
19.9775
13.2687
54.7110
63.2767
17.7126
0.7225
10.3144
34.0538
4.4568
36.6330
18.1092
4.9807
29.9072
28.9892
28.6437
30.2544
5.3437
48.1125
48.9514
53.6336
6.0796
9.7982
10.9139
21.4276
52.8170
63.2536
0.9511
51.3497
57.0774
41.9424
28.4446
40.4216
63.7814
43.8189
48.9505
44.3727
19.4136
31.9646
8.5629
12.4952
55.2476
48.6805
4.0544
40.1319
33.1815
43.6114
52.2007
50.9555
41.6146
40.7452
21.5952
22.4426
42.7075
24.7564
34.7987
4.2859
8.3018
4.9234
63.7004
44.1037
4.8438
23.6751
37.7733
16.6747
57.4825
22.5891
35.0939
1.3340
37.1355
22.7483
26.7689
26.1075
52.4436
47.4362
58.2902
56.8240
61.7073
58.9795
52.0308
4.2360
1.0102
28.3445
29.6764
45.5895
53.2045
2.3760
50.4668
10.2018
54.3011
63.6260
13.5906
29.4543
35.4899
7.8285
41.7268
0.1338
26.4498
40.0548
26.6282
2.7305
59.9518
48.8630
31.2029
55.1372
47.2277
59.3232
48.1833
27.8855
61.1477
28.8624
36.7417
3.4043
0.1760
45.0418
42.5397
63.6026
47.1110
47.1924
47.2622
18.6618
11.6765
3.6467
53.4984
40.8478
6.3844
54.6157
62.3647
61.4201
35.6588
54.2809
8.7644
56.4799
22.0135
13.9808
14.3432
2.4534
38.3880
46.5378
23.2479
11.2268
13.5275
15.9667
47.0431
43.7131
53.2105
2.9055
1.2505
1.9638
30.4632
43.5960
30.7447
47.5832
24.1855
38.7783
34.9639
23.8420
31.3987
55.8011
36.9620
4.6718
48.8653
23.1989
17.4903
39.0945
62.9503
21.4859
13.8698
49.7007
50.6187
35.7142
28.1950
39.2351
37.8251
1.7056
57.6704
25.8229
32.6371
6.5580
42.6198
6.5346
27.5299
19.5395
44.7070
43.1610
37.3211
3.4849
40.3222
10.7561
52.6513
16.6991
58.6956
10.9792
12.0071
4.9817
11.2581
32.1627
25.6310
13.6113
14.2054
7.5742
17.6426
50.8764
17.3874
36.5882
4.7307
6.4417
33.7893
9.6354
2.9778
61.9544
42.7365
33.4062
3.1205
60.9353
41.8583
4.5255
24.0930
36.8732
5.5415
26.6952
30.1493
19.5971
36.5446
34.6504
63.5116
25.6081
51.4595
13.3277
45.4826
49.8360
25.5952
24.2351
17.3337
44.7049
34.8005
45.2356
29.2488
14.2658
29.6718
24.2979
54.0704
56.0254
20.9050
31.8417
2.4493
41.4745
26.6215
22.9922
60.0731
30.3562
21.1647
4.4500
19.4396
25.6170
31.2469
3.0994
62.7375
32.4883
51.3515
62.2657
26.0303
22.4246
26.7818
22.0999
63.8349
37.8386
43.2698
28.7159
1.4383
48.4503
6.3305
38.5822
44.5119
32.9712
15.9682
42.3753
41.1688
37.9285
49.1023
50.7547
12.4240
0.1725
32.0427
34.1759
40.4239
1.7496
29.0498
1.5685
38.9069
28.7198
29.4168
6.1385
44.7550
25.8510
10.2604
41.7208
30.6691
12.4504
5.0917
63.7270
52.5128
12.9052
13.3503
52.2257
42.7116
60.8651
27.3443
11.5173
48.5316
10.3971
45.8101
10.3114
8.2734
50.7019
53.2833
21.8462
29.0456
7.0579
42.5823
31.7661
15.7838
56.2616
26.2367
19.1143
18.9986
47.0439
2.8951
5.5116
8.1052
0.9919
9.5921
45.8168
49.1647
40.1682
19.7055
61.6724
32.7926
16.5978
63.6576
36.4393
2.3058
53.5081
19.3971
26.8237
18.6484
43.1442
58.6511
12.5242
34.7604
28.9756
0.4340
5.6147
33.0320
47.3135
5.6380
60.3432
34.2109
44.9894
11.4140
0.9879
59.0559
21.9339
7.4674
28.9642
34.2994
36.0919
40.9599
61.4210
18.8044
10.6962
19.5659
56.8234
6.3278
43.3819
39.7102
6.7490
48.6951
9.4487
56.9145
47.9505
42.2115
7.2712
9.0007
25.5362
33.4975
23.1453
61.0902
23.0790
36.9528
58.8401
40.8977
12.8544
60.6617
40.8936
39.3053
57.4630
39.4053
20.1444
4.1554
37.0932
38.4123
53.0405
5.9986
53.5344
16.8197
26.9667
17.0751
28.5000
54.3891
39.0891
34.3674
3.9847
28.5019
63.4110
13.9138
53.4884
40.4731
4.0016
59.3416
48.7731
17.6267
22.2955
63.7453
39.6901
3.1036
2.6649
58.5719
49.1214
38.2285
48.8266
40.9492
23.2268
32.0501
60.2996
25.2759
2.8571
50.1626
51.2024
10.2940
12.9597
0.1436
56.9415
20.0347
46.6816
62.5590
57.5146
46.7602
22.5982
39.4443
28.3310
42.5309
62.2716
16.5863
42.0866
59.2787
28.3982
52.9100
43.8794
51.0369
52.3198
59.9744
61.2712
12.5153
54.6227
17.2648
42.9360
28.6233
10.4026
12.1660
8.1335
37.0351
32.8762
62.1983
48.5799
32.3945
49.4004
53.2963
56.2616
9.1105
7.6591
52.8317
1.0369
63.2286
26.5483
22.5095
46.3775
61.8428
55.3377
36.4428
16.3933
13.4732
10.2655
7.8439
27.8793
35.5756
5.7432
17.0539
49.7910
1.3966
20.2434
1.9359
4.4946
47.8349
1.6495
62.1761
14.4318
2.9587
60.4769
17.9593
57.8452
58.4724
34.5460
32.3384
25.0682
59.7894
32.3361
24.8517
52.0162
23.4324
61.0813
41.4893
18.8061
25.9311
46.6008
30.9051
15.2649
61.4289
18.6173
22.5849
37.6955
36.3858
39.1911
28.4694
39.1137
34.2613
0.4097
9.8498
63.7829
28.9563
44.5615
20.1802
5.0329
37.0733
19.3038
8.1121
25.2646
14.1889
40.3932
24.7153
20.1015
21.4841
6.0249
62.5113
23.9786
19.3458
33.6003
16.7836
30.5689
31.0779
7.6889
58.4100
5.8102
62.7696
48.7223
21.6055
9.8244
15.2753
12.3427
34.0903
15.9713
7.2837
55.2441
58.4350
56.0860
38.3751
1.8561
25.0286
10.1486
8.0169
49.7319
6.7341
63.3403
4.9787
60.3148
46.2774
25.7139
33.1965
31.1274
32.9181
35.5412
3.6812
20.1340
30.2842
51.3358
54.5800
33.9206
8.4083
49.9640
26.2332
16.9777
55.5392
0.1528
50.9505
47.3531
55.6830
37.5731
2.7983
57.3830
4.5194
47.7986
45.2535
54.3221
30.4927
19.5029
11.6242
2.6234
45.3865
8.8306
56.0595
7.3071
0.6847
21.3681
58.4467
8.2286
9.4395
34.9100
33.0967
23.5976
37.4397
9.7294
25.3235
20.2533
32.5984
51.5829
19.2784
24.9811
30.1619
2.5726
56.6206
54.9679
40.5212
35.2984
23.0948
24.1619
3.9084
54.9477
25.2135
4.8219
42.9608
9.2968
63.5444
50.5158
0.0123
20.6946
5.7269
47.8923
61.5545
37.2554
33.7589
11.0996
11.8285
32.1057
5.9144
32.2426
24.8653
40.5491
46.3036
28.6430
9.5280
8.7826
6.3655
58.4785
59.9753
12.4362
7.7520
24.3238
48.2870
57.5049
35.7174
51.7083
8.2206
40.1105
25.9102
44.4523
19.2580
25.1786
4.0071
9.3848
18.2830
0.7651
24.9480
24.7857
54.9318
40.6299
44.1844
48.7553
49.0177
50.9452
14.6709
59.6783
54.4333
38.2589
45.3383
48.0090
52.1830
4.7887
18.1126
26.3897
27.0311
19.0986
44.7123
61.8985
28.7192
5.6624
56.2449
2.2758
18.2253
22.9818
12.2093
31.2418
5.8440
22.1104
23.1567
28.2562
1.7653
38.4038
33.4271
0.1612
44.2825
20.9458
34.4282
50.6624
26.5705
48.1883
36.7260
32.8030
24.3091
30.2811
18.3288
33.8221
12.8937
48.6003
23.5056
16.7354
20.9034
1.6274
37.7220
46.6596
62.9220
31.9365
52.3904
30.4963
31.2594
41.7949
40.7351
5.2569
1.0814
16.6743
3.8841
26.8974
5.3986
58.7874
4.8634
44.4012
32.5738
1.9122
63.1488
29.3727
59.8084
47.4006
44.6588
20.5352
12.3425
21.0399
39.9350
27.9683
26.9862
35.5235
15.3907
18.8039
25.6419
32.0183
53.2886
51.9850
63.7518
29.4053
21.1124
35.9683
44.2383
18.8504
22.6170
37.0988
15.2350
39.2637
45.3612
9.9071
13.2379
60.1048
19.0640
38.9563
31.8523
44.5009
36.0421
45.5638
23.3685
40.3883
50.4696
40.8066
60.7220
25.7660
7.5972
14.8648
48.7691
50.0021
10.1749
17.1501
57.3358
5.7413
4.2911
34.3052
58.0123
38.9472
30.8612
49.6378
56.0830
15.8515
8.9065
48.2356
16.9884
23.2201
47.5625
1.4072
16.1422
13.5801
1.2824
58.1332
41.1198
13.0884
60.9976
34.5093
52.9558
37.9176
11.2861
42.5040
33.2185
23.9155
29.4083
23.3946
43.2174
57.5526
21.4645
55.0346
53.5299
43.8906
60.6386
11.2053
24.3611
19.3012
24.9861
8.3038
13.3425
9.9659
2.5780
13.0197
37.0330
24.4348
8.3293
51.3259
21.9225
13.8521
55.1465
59.3943
18.4990
2.5418
2.2115
20.6567
31.2273
38.9605
36.5635
22.6270
16.0690
2.6166
61.4023
57.6326
48.1654
28.0921
8.8681
7.0637
23.6779
43.5015
5.5713
48.1824
63.8587
29.4841
38.6339
51.6726
23.0895
0.3948
49.9157
5.6933
30.3877
16.0842
32.2962
5.7106
28.9505
40.0377
27.6735
37.1720
4.0790
15.3542
24.3149
12.5486
46.9606
4.1776
54.2091
30.3336
12.0490
18.3478
32.1545
62.8195
58.2618
11.6376
4.4248
49.5824
45.6632
13.3768
5.4450
41.5609
29.1929
20.9203
8.9336
41.9612
56.6478
55.1084
39.6100
52.3341
2.0103
27.3556
29.0531
15.0728
61.8821
58.7071
5.5277
43.2353
51.4662
5.8848
41.8558
63.4592
27.4736
50.3835
46.0589
9.4911
61.1377
45.0419
42.0668
44.5707
41.8731
13.2516
21.8255
11.0046
44.7334
60.4333
14.0758
14.2281
24.8760
25.1626
48.8328
25.5808
26.7638
32.3821
57.4435
29.6556
63.9208
6.1828
36.6767
25.8852
14.2903
57.7524
49.7757
26.8218
28.7804
19.6140
20.0317
38.3733
50.8870
33.3638
38.7966
20.2996
3.1390
16.4717
17.9419
50.2719
60.8702
30.0523
10.4624
45.7290
52.1720
17.2343
55.1754
44.6875
14.9090
33.2175
36.1758
50.5099
45.8557
1.6125
2.8278
27.9410
21.4555
34.7935
33.2633
52.4624
1.6988
26.2404
18.0316
59.0599
20.9744
59.6870
5.7118
39.6152
30.8589
35.9433
37.8182
32.4290
35.3374
49.4966
19.9051
30.4103
5.8649
29.0779
51.9786
35.2772
24.1607
1.9033
3.9722
8.0264
63.9034
50.1846
49.1267
33.9752
50.0371
37.4532
14.4467
13.9023
61.8054
62.7819
23.7109
22.4184
9.0239
30.1401
36.3505
8.9561
49.9864
62.5723
52.1867
32.5904
8.3836
50.8539
31.9859
15.7288
6.3134
54.4820
42.5584
4.6438
44.7814
59.3517
47.3999
37.7944
24.4319
34.4932
48.4221
25.7724
10.8719
1.4598
46.2848
8.7340
34.5556
21.7814
50.9532
19.6011
2.3385
26.9586
44.8902
54.3927
26.0777
29.0390
34.1013
37.4895
3.4023
0.3495
10.8437
39.1944
42.9003
13.6109
26.4405
51.3984
30.8982
27.4930
7.6219
39.5865
47.5518
32.7795
8.5997
3.5016
63.6152
18.1698
39.4867
54.1174
22.1881
29.9820
16.6641
5.1656
8.5541
40.3476
8.6602
38.4844
23.0188
62.0852
17.1131
56.4600
21.0318
35.9171
17.6264
41.6947
40.4025
53.3092
49.2540
63.9556
32.2303
1.9732
4.4121
8.0709
10.1606
24.0887
57.9238
19.5095
34.7790
35.6321
59.0063
22.0431
46.5742
11.9041
18.4817
3.4919
63.5009
33.5656
0.1009
43.6440
47.5566
31.9303
61.9946
63.8633
10.1737
41.6693
35.3447
44.9366
1.4836
62.5734
26.6692
13.2534
47.6518
9.5846
32.1970
54.1263
34.8445
0.0296
12.3741
36.2667
43.3217
9.5348
62.8853
29.2758
3.6428
9.2603
9.4769
15.7657
15.6632
40.1092
23.0148
12.6718
42.0012
32.9176
51.9665
15.9583
57.1308
11.5728
30.2861
54.4348
57.5988
35.5866
50.5918
38.2462
38.0066
57.4020
43.6711
37.9805
30.1617
5.6950
57.5612
9.6951
23.8488
20.7320
7.7786
63.8877
62.5970
41.3116
28.5645
8.1623
34.5687
19.5854
33.8962
28.5612
4.1825
62.7202
61.1242
18.9614
35.9233
48.5629
34.9252
25.1938
61.7602
29.4852
8.1695
33.3598
7.7050
8.6615
16.8844
53.1859
2.2836
48.5871
55.9295
61.5769
13.1568
62.7153
48.2452
41.1978
62.8141
13.9598
56.5888
38.2020
62.0154
52.6673
53.1898
2.5918
51.5893
0.1006
63.4799
59.5858
22.9727
2.4061
63.5356
27.7779
21.5035
17.8719
15.2841
15.7512
29.1962
55.8880
24.4291
31.7260
36.8713
13.8477
47.2287
55.5348
6.7078
8.4715
56.3725
10.5959
46.9124
37.7268
42.9125
43.4975
48.1337
56.1106
63.1910
49.7358
49.8702
30.9681
16.1605
62.0498
57.5839
5.1551
59.5556
45.4233
39.5725
50.7091
32.4052
45.7258
13.9075
5.3921
16.7327
9.3911
8.6316
28.0330
20.8327
34.6757
16.1765
52.9021
24.7913
10.9226
34.6232
9.0495
23.1425
15.0129
62.6994
28.6528
34.2716
56.1348
62.5695
3.9602
62.9810
35.0382
15.9545
1.2545
21.8498
52.3811
50.8165
31.6947
57.7432
6.5166
63.2188
22.3621
10.7197
7.3043
2.4317
40.5207
60.7213
20.8886
48.6182
14.8722
40.8787
31.6901
40.6491
6.3278
62.9174
41.5708
10.5196
17.0529
47.7780
39.0109
12.8479
25.8360
3.4805
24.9753
46.2349
29.2415
13.3447
46.3939
54.9376
62.6110
30.6104
33.4158
15.3850
16.4825
63.0491
27.5402
45.5449
17.5989
0.9110
42.2412
27.7700
9.4869
53.6791
51.0946
46.3559
5.6518
43.7922
14.9457
19.5220
11.3517
3.0466
54.8366
16.5521
14.2448
48.6154
2.7956
12.2779
28.3904
44.7202
50.7404
53.1397
14.6087
14.0257
24.5346
13.2923
46.9443
12.6512
8.8840
56.2738
35.2011
17.6581
62.0607
38.7787
38.7469
31.3239
10.7361
56.3495
49.0870
63.3724
20.4977
15.3643
48.4636
56.0343
2.6107
55.9922
47.0350
46.9310
47.6812
55.0120
17.2591
22.7070
31.9386
11.4098
54.0939
15.8372
22.2912
39.4913
30.3277
30.7851
41.7228
5.8258
41.0559
52.6998
39.3743
7.3807
6.1292
8.8058
29.1471
43.8826
15.2033
17.0948
10.2727
25.2501
8.8252
62.9814
31.1882
4.3254
19.8373
2.6351
28.6644
42.3168
47.0151
25.7875
20.7462
22.4656
40.1486
21.9794
9.8608
18.3681
7.9786
42.0444
1.1886
62.1191
35.4812
4.1425
34.5729
11.2378
29.8761
57.8665
5.5272
4.7167
2.1175
3.4058
20.6141
51.6619
23.8110
2.7165
28.3029
58.7499
53.1869
26.5482
20.4311
49.2969
63.3545
36.6275
14.0020
6.3149
52.5323
26.3790
58.9165
38.6877
23.9006
35.0922
14.6975
58.4964
58.4749
61.6090
63.0943
50.4831
27.2808
61.3668
33.7569
44.9937
41.3627
36.6584
13.4537
40.2653
23.3786
31.4234
59.9099
34.4742
19.3161
49.0281
1.4637
11.6774
39.3850
42.9066
22.2613
13.0758
16.3317
13.2799
7.8500
39.8831
42.4738
26.4019
62.3480
62.0828
32.6303
56.3388
26.9039
62.4682
31.3220
27.1428
52.5692
30.3480
4.9486
40.3517
49.4582
47.4374
15.0368
29.1205
7.8532
28.0970
8.0259
2.7950
0.2861
34.1206
51.6612
29.0726
42.1607
58.3422
7.5236
50.3792
35.8684
17.9841
39.2943
51.4006
3.1873
34.1696
45.7426
24.3648
9.0600
42.1920
42.2507
27.9418
57.4766
57.4484
59.2785
47.0938
29.3964
48.9418
36.6621
34.0716
27.1653
48.1583
12.5731
57.9466
33.7505
33.4343
5.8489
57.8721
42.1087
21.1542
36.1722
62.6366
29.1972
44.9028
28.7185
39.1915
3.4223
10.7250
35.6112
4.6355
5.4023
10.8169
47.8494
45.7176
10.5705
23.8981
10.3827
20.6401
18.7989
59.9418
63.2497
34.4952
43.8243
31.0376
20.3423
32.8036
38.3285
2.6322
34.7506
50.0552
10.9637
32.5061
4.9492
36.1677
25.6620
6.3584
39.4248
33.8772
25.5768
9.0178
62.7205
30.1427
16.0759
53.0747
30.7205
5.3326
43.8112
18.1133
49.6745
9.8304
55.2865
0.2479
7.4568
16.8936
10.2894
4.9947
17.1051
24.2361
0.7539
53.0909
38.8723
62.9225
38.1301
36.4369
60.9697
5.3280
54.2639
14.7148
17.5741
24.0877
13.8078
12.6213
23.1265
36.2922
39.6874
6.2007
12.3179
2.0647
39.9530
41.7654
15.6051
9.7385
31.1102
22.3952
9.8259
62.6013
1.2705
36.1590
47.9422
18.8761
35.2456
47.2499
5.6919
15.9841
36.7601
39.2979
42.0929
47.6314
33.2730
55.9260
37.8864
44.4096
19.5478
37.4514
22.4100
17.6075
48.0281
40.2804
6.7779
23.9354
3.6781
48.0009
37.3229
56.3724
56.9176
12.8946
51.1914
0.1537
2.0238
52.6886
30.4059
49.8174
33.3009
62.0119
41.3062
9.1664
45.2490
44.6223
9.5954
17.7697
30.3881
44.7453
46.8109
35.1976
56.6643
31.4209
12.8168
60.6452
24.1922
44.1437
12.4605
58.6338
4.3518
40.3375
63.2786
16.2244
62.5900
29.3261
54.6751
10.0099
34.2568
44.0812
4.5576
59.1029
5.5628
47.9745
56.6235
39.0129
27.7992
26.1432
48.5884
20.4653
20.0310
60.5053
44.5956
55.4417
27.0666
52.3558
11.5624
53.4178
28.7645
30.9664
39.8805
7.1694
54.0737
12.5290
32.1315
20.8013
58.2575
18.0912
14.1207
61.8211
30.5645
40.4706
12.4826
6.2332
52.7635
9.3948
63.0510
20.1652
0.3600
5.6627
59.2810
18.4403
48.7662
17.3196
24.8975
39.1922
62.0717
52.0019
41.9923
22.0032
40.5430
60.3868
15.5390
20.0976
55.4504
12.4419
20.1599
56.5879
37.7118
52.6849
49.6838
59.1700
3.0915
15.3712
17.0766
23.1942
9.8673
2.3785
9.9591
12.3990
13.8729
21.2445
16.1889
6.4597
55.0817
45.9089
2.7235
28.7494
35.5922
12.5624
33.0502
18.2527
23.8721
60.8345
46.9486
4.8677
38.5862
33.0922
23.1027
3.9709
45.4750
11.1434
14.0632
40.5458
8.9517
57.2029
37.3002
26.0897
47.0026
10.1073
54.8232
1.0853
8.9468
60.0993
35.2321
39.0757
48.5361
37.7007
44.3167
22.2191
29.6180
12.5617
34.6572
14.3599
30.7282
58.9384
14.9970
40.8408
55.2188
42.8099
9.5969
26.8342
13.2006
13.5735
61.0191
22.9165
40.4558
19.1533
58.0650
57.7945
19.0254
48.2135
12.7353
46.5718
54.1223
9.1818
59.4826
49.5559
29.7827
40.6695
7.0905
28.1527
21.5691
54.9320
46.0471
61.0400
53.8942
0.3437
49.3373
55.6671
6.0002
62.4608
19.1562
41.7007
30.0430
46.8252
2.4859
55.2218
39.0162
62.0731
47.6748
23.7850
30.4322
37.1604
8.4177
50.2645
18.7593
38.1874
18.1845
39.9166
42.6562
9.0499
15.0221
39.4064
49.5402
56.8091
41.4734
37.1557
14.4171
0.3010
1.6797
37.5323
28.9655
54.7183
1.5007
9.6827
32.3100
10.0522
49.4361
50.2862
48.1065
36.8817
15.8815
17.7534
23.3931
58.5937
18.8180
60.6576
58.5144
34.2795
53.0061
7.2083
48.9520
18.1022
44.3629
38.6825
17.1685
22.5842
27.1183
35.6192
16.4067
20.5943
49.6449
12.7010
63.1691
42.4246
52.8177
1.8131
14.8357
3.9330
37.9056
53.0123
32.7501
31.4802
15.7393
8.5901
16.1178
36.8837
23.4536
45.6246
29.6374
42.7584
3.7762
32.1724
5.3990
7.8847
9.5645
5.6231
34.6909
18.3196
35.0948
48.8769
37.5549
14.0370
55.1891
17.4371
42.3915
7.0229
41.4490
63.9197
2.2177
63.1158
60.6364
52.4812
10.7620
42.6232
22.7169
49.0443
34.8456
26.8483
31.2596
4.6080
11.2757
44.1326
34.5389
5.7328
30.4281
0.0833
45.5304
19.4808
5.3219
15.6460
31.6388
25.7670
35.1678
7.2673
56.0700
43.4864
30.5181
2.1533
60.9253
48.0649
3.3875
42.9491
41.5063
16.5724
30.1755
52.8398
48.7053
44.3667
2.4359
3.7806
40.3792
30.5484
44.7211
25.9586
53.6687
28.4534
29.5950
54.3092
7.0063
6.2077
43.6458
61.7856
50.4333
47.8184
22.6930
43.9460
41.6447
2.5103
31.5173
56.6151
5.3778
3.3682
50.6571
49.5954
13.5038
21.8975
48.0384
27.0234
9.6909
55.5812
11.7732
52.1176
46.4508
8.8245
27.2086
55.6750
18.4445
50.9783
61.9015
55.1450
5.7282
43.4729
14.1214
9.0769
31.0023
36.2900
48.8751
52.0439
51.4079
3.0729
40.7384
32.8352
39.3440
6.6210
27.9266
31.5273
27.2860
61.9490
45.0225
18.2605
51.7307
36.3675
52.5264
17.8190
29.7704
17.5416
59.7570
55.3252
58.8217
33.6285
20.2110
48.3730
26.3768
28.2492
10.0963
49.7572
41.2944
49.5342
22.6720
28.6532
31.7700
25.1066
54.8217
50.9084
11.4030
31.5261
7.9292
53.6375
53.5121
14.8968
36.0964
62.8759
60.0358
32.2429
47.1614
17.2754
2.4558
62.0522
25.1740
31.0676
8.1520
10.2077
41.0179
8.6378
44.0746
12.0801
51.4500
43.8067
43.7865
41.9083
0.2006
49.5678
50.5234
60.4948
6.7045
8.9678
40.9657
18.4068
18.9253
39.3543
56.4781
4.5967
38.6374
39.9383
6.4320
19.6597
41.9888
63.4626
28.5200
44.9134
21.6151
4.5250
54.5733
31.1250
47.2200
10.7826
23.5113
60.7931
57.1893
34.3371
8.4400
39.8343
44.2511
43.0827
4.1130
41.3322
28.8941
57.6791
53.8163
8.1450
60.4763
49.8206
17.4462
61.1259
1.1312
14.0530
25.0889
51.8177
37.7932
28.8034
25.8175
33.2227
3.0086
54.0746
56.6907
18.9178
58.7628
61.8904
19.4491
44.9829
14.5368
16.0297
59.6447
38.9123
57.9891
31.3812
56.3920
42.0530
19.2530
16.2789
51.9603
11.9704
9.9021
35.8813
60.8424
28.5346
34.6378
14.4281
0.9513
15.4089
26.2562
62.0032
4.3121
2.5484
14.9409
12.9181
17.5972
29.5394
34.4101
61.1894
49.7892
42.5746
36.7849
54.7824
13.5836
38.0785
15.3683
49.3733
49.9308
48.8546
19.0852
63.1728
19.8680
3.0632
18.9268
31.7524
20.1576
43.9219
62.7169
59.2572
53.3099
10.5481
14.6648
36.6060
22.5086
59.5691
2.8374
59.1521
32.2993
15.8724
46.9474
42.4935
11.6681
32.5603
1.1706
61.1467
25.8096
52.9837
58.8328
46.4948
45.6371
42.9378
30.7313
4.1661
26.2867
42.8053
10.7688
28.9829
46.1384
51.0170
1.9227
10.4245
20.1140
52.4440
55.3356
1.6236
10.2444
6.9255
13.9418
50.8377
9.4323
18.2282
58.9325
35.7162
52.7820
37.9674
50.6181
53.0874
12.1491
24.9727
37.3097
55.9710
38.3233
19.5603
12.7606
0.5371
21.9212
63.9486
27.9530
60.0797
15.5348
46.5860
32.9171
26.9795
8.4397
17.0526
15.9871
21.9851
34.8195
47.2576
39.2761
15.1936
60.2400
38.6542
58.0201
16.4924
48.0458
32.6240
17.0228
48.8215
57.6470
58.7306
35.6278
7.0373
9.8710
41.3678
53.4818
21.2162
14.8385
53.8787
11.9532
40.0267
2.6150
44.6495
36.3701
62.7850
25.7131
5.7998
54.7360
61.3733
49.5404
20.0782
23.0249
57.0311
8.3552
20.4104
34.5505
19.6311
2.9211
27.4189
16.7415
5.2274
46.8938
54.6937
45.1521
48.2815
60.3463
5.6500
1.9284
22.7380
34.2196
52.3255
57.1576
20.4436
18.4454
40.5207
34.6664
61.0788
55.6751
45.2211
18.8331
21.7900
55.8782
6.2245
50.5316
0.8095
37.9736
19.3015
53.2398
42.1113
51.5913
17.5764
5.1665
13.4215
8.6279
34.4021
31.6290
10.4073
39.9964
15.1533
26.6754
59.7729
15.1696
14.7199
14.7838
17.8669
63.1595
9.0576
46.1466
8.5583
47.1428
48.3404
48.9898
24.1311
43.4103
43.1747
2.8690
4.7239
14.3590
46.1564
12.7703
37.0948
29.2537
6.5069
10.4187
23.2561
25.1374
40.3800
20.7977
5.0525
57.5081
10.4632
24.7391
36.1555
50.2994
52.4998
40.5990
0.4417
41.7655
6.1024
58.0218
22.1894
29.9771
37.6153
12.7751
52.0894
60.7389
38.3464
59.8582
54.6919
51.2795
1.5433
46.6343
16.0268
9.2123
45.1368
6.0021
32.7964
30.6502
5.9337
39.7041
63.2968
20.0663
52.9855
44.8829
49.2983
41.7533
19.9548
21.6893
32.0238
24.6518
44.9010
50.7141
53.5650
50.2502
35.1954
32.2216
62.5471
23.0318
4.0543
12.0829
7.9564
18.5910
60.7739
19.6968
42.5511
0.1988
17.0003
44.1619
56.9709
61.9067
36.1335
47.7950
63.5242
7.3480
56.9073
37.8329
60.0873
7.5963
22.8045
10.4509
5.0594
9.7689
34.0279
7.9351
10.3389
55.0681
2.7296
21.8792
3.5438
8.7581
10.0833
54.9282
44.1630
37.1848
10.3254
61.8032
3.3171
48.5550
11.5516
14.1640
46.5359
11.4825
33.9544
11.3535
48.9435
4.6263
26.4772
54.4451
15.0665
25.9456
54.0670
6.6276
37.4029
46.1372
26.0036
54.0538
4.6632
33.5985
29.2445
24.4975
31.1791
62.9840
36.0174
61.1441
27.7575
33.2833
53.1405
10.8348
45.4908
5.8225
59.3052
46.4843
11.8199
36.0502
60.4893
61.7703
13.9574
58.9856
61.6972
20.3419
46.1646
58.6608
19.7445
3.8566
13.2182
46.9923
54.9583
52.3405
63.4494
52.7806
26.2632
46.7868
40.1114
0.5015
62.6386
7.7179
30.3118
60.5811
40.9935
4.9573
60.1912
59.2178
26.6248
21.1986
3.6759
23.2122
51.5984
6.7697
29.3898
22.6109
24.7649
47.2621
29.3225
12.1733
56.6501
42.3352
1.8768
53.9436
15.8287
61.0938
60.4221
63.8243
8.0876
9.6362
16.4092
57.9519
51.7290
19.2981
26.3379
44.8886
4.2985
28.2312
19.9785
23.0521
30.7685
63.6047
14.5578
12.4175
44.4122
40.9034
23.3751
2.6159
62.5603
25.8276
21.8502
24.8233
58.0957
50.3681
43.5243
6.9137
19.3166
32.1718
1.9755
17.1967
41.1619
9.1510
4.1181
21.0016
37.2605
15.8743
62.2447
58.0290
21.9174
43.8197
51.7142
21.6474
53.9120
54.0192
62.1132
63.1155
33.5182
4.1216
21.8102
32.2079
41.4385
42.9316
33.7921
28.3311
59.1870
63.5120
17.9818
14.5369
29.4299
39.7025
58.6218
44.9175
59.4846
30.9227
53.9897
22.9419
63.3996
37.3845
33.9324
2.4399
59.4443
37.4684
30.3840
28.1357
45.0309
20.8557
62.2791
59.0482
1.1375
15.5603
15.0121
22.1446
38.6403
4.8414
6.2970
8.2688
22.0665
36.5496
54.7970
21.9666
40.9016
55.2156
33.3560
39.4497
58.8287
44.7954
6.5133
51.4782
0.6770
21.6061
32.3915
54.9390
63.8120
48.3358
37.0285
45.2010
53.9426
33.1706
43.4265
17.1883
4.1360
26.2349
60.5498
22.0805
52.4700
17.4460
1.5010
11.8618
52.0530
45.5304
63.4848
1.0223
33.0319
45.4291
9.3151
49.6062
63.6096
14.7842
18.2151
26.8934
39.1785
59.2876
12.9238
46.7512
59.7698
11.7410
55.3535
4.0664
54.0347
56.8167
13.6664
12.3195
52.1681
30.4478
21.1457
48.4105
54.0248
36.9057
20.1525
13.5008
47.4042
37.3175
56.2363
14.1561
39.6036
61.4801
17.3180
0.2226
51.5614
20.4796
36.1608
54.4004
51.5689
49.2449
4.2336
11.0397
2.7005
38.9768
38.6933
28.1314
41.7298
12.9681
42.2808
63.0305
2.9614
2.2785
43.8938
35.7740
49.5867
38.5023
12.0008
9.3619
28.7248
6.7402
26.7216
36.8600
49.6935
24.2677
57.6742
36.8159
59.8706
48.1607
38.7280
0.1606
17.2514
1.0422
44.0025
48.0123
28.0513
36.0629
22.8589
2.0557
13.7045
58.0740
44.8671
56.0991
24.2559
32.7736
18.8756
24.7451
7.3679
12.4749
41.7719
7.5789
35.1514
34.8843
7.8132
55.2141
23.4470
15.6149
62.8905
9.0694
51.6913
32.5036
28.9829
29.4489
51.6788
0.7526
50.9020
5.3844
39.2214
26.6493
7.4125
1.9527
19.7439
22.8673
28.6050
35.6589
36.1633
19.0376
37.5688
30.2431
34.6108
25.1975
18.2710
9.8342
52.1084
16.7058
55.2397
54.5299
21.1047
57.5674
12.1305
28.4052
8.6756
27.1176
19.7500
4.1615
57.1748
56.8498
24.5396
17.6259
26.4246
60.7778
48.5661
50.1033
26.0590
39.2861
44.8013
32.4337
48.4998
51.0528
61.6356
10.9007
41.0830
58.2158
3.1041
49.0212
1.0183
10.4498
38.7348
53.1894
29.5878
53.9365
26.1858
38.3566
17.7826
42.7655
40.3395
56.8979
18.6093
10.6685
3.9580
51.5364
18.3462
18.6781
38.9365
41.1771
48.8124
46.2162
31.7974
58.0394
54.6170
51.2419
18.1894
21.8893
30.3555
44.5856
32.2166
39.9212
50.6805
61.8826
36.4228
57.3664
9.6156
30.9594
31.9592
45.1961
47.5591
52.8843
7.1323
35.6801
33.5919
25.9001
36.3312
32.5317
25.4886
38.1839
28.1063
30.1038
58.8269
45.7938
14.7543
33.5004
50.0062
24.6943
36.3783
18.8857
63.7790
13.0966
16.0306
49.2926
13.4920
43.0505
16.7892
16.6828
0.5874
11.9295
10.4036
29.3658
6.8813
11.4584
53.6100
4.5605
34.5323
8.7221
30.0379
9.6076
19.4532
17.7285
24.3285
33.6241
27.1472
14.4223
41.4662
34.6675
26.4336
23.6902
22.4336
49.5462
4.7482
58.6721
34.0678
49.7883
57.2977
6.2645
33.2544
16.8738
38.1557
58.0382
52.7665
27.0437
12.9349
7.2120
39.7030
2.5286
11.8337
27.9028
37.0030
51.6276
7.1417
29.7653
37.1106
42.4926
39.9772
7.0837
31.5867
46.9195
24.4581
60.5449
60.9494
51.2495
53.3587
60.9066
36.9756
10.5675
32.9257
44.0260
39.0110
38.7462
62.9310
1.5725
33.6953
31.5500
41.9441
45.9121
14.4232
56.1107
63.2919
6.7806
45.0867
37.0821
49.4850
59.9331
15.6657
20.9728
19.0044
59.4889
62.0343
22.3465
16.0845
35.2455
0.7457
34.7207
8.1220
21.8114
59.8639
46.2861
19.6006
1.3003
42.8826
32.5393
32.0414
7.7934
46.2593
38.3431
22.5839
37.4582
29.9869
36.6394
3.4196
29.5662
54.1483
42.6227
59.9797
21.7823
57.7491
40.6777
15.0976
28.9356
49.4261
27.8392
8.3424
19.1418
6.7726
59.8123
46.1720
47.5522
40.1996
28.5702
51.9079
44.3820
34.4877
7.8584
30.9839
62.8693
39.9809
13.6682
53.5694
24.7421
32.3745
46.3762
44.9010
2.7981
47.7884
41.0179
15.2778
3.0171
57.3363
33.9637
42.6317
52.3516
13.9296
19.0534
18.5425
11.4940
46.7028
5.7707
51.3903
25.0415
58.5171
53.4106
36.0340
51.8295
59.7628
40.6119
32.1358
61.9269
49.8407
51.2652
62.8946
15.2864
40.2386
34.8867
26.7022
49.4087
5.5566
56.2050
20.0674
45.1594
25.4147
5.1418
14.9572
17.1243
55.5955
32.8029
54.7771
43.6129
6.9242
21.0172
41.6003
27.1739
5.5034
58.7360
37.5327
53.6432
44.6844
5.6521
3.7261
36.3770
16.8189
57.4357
31.9507
56.8589
49.9524
49.8644
42.9660
20.3277
60.8313
12.9023
13.1464
53.5257
9.3946
43.7462
10.7773
16.7821
57.6235
9.3532
5.8962
54.9239
36.8337
24.8040
33.6137
17.8046
38.8238
42.1161
43.8861
46.7665
33.2631
58.0863
14.4692
56.7362
61.2469
44.5115
54.8905
24.2168
51.6421
28.1578
52.1570
58.8103
61.4218
58.1704
49.2273
27.4917
54.5972
42.1535
29.2603
5.9422
11.3840
10.2256
16.0884
43.5594
62.8257
43.8260
54.8852
56.4327
33.8643
63.5921
35.7109
18.0495
11.3557
7.7085
46.4447
54.3379
10.1045
21.6882
58.0696
41.4209
16.7794
5.4712
14.4786
15.4625
46.4527
20.9602
42.3247
0.0154
38.3486
48.7805
54.4420
34.5562
39.9704
31.9963
56.5621
11.8304
60.7649
26.1662
37.9113
51.8831
14.5949
35.7756
15.7303
38.3313
12.6412
48.2935
50.7772
44.2339
31.0078
14.4453
44.4350
26.8709
16.7620
23.0773
20.4048
33.9423
47.6472
24.2650
9.0375
52.1681
61.8427
57.4538
17.1364
57.9968
10.4873
22.7677
16.6799
24.3973
29.4341
60.2452
34.2531
53.8560
30.6783
5.7096
6.5535
47.9628
13.9926
39.7336
42.3517
37.0053
51.4068
19.5886
20.4351
30.4168
50.4259
62.6259
4.9138
27.5125
30.8225
27.1815
55.2212
11.9226
37.2108
24.9719
60.5649
48.2541
45.3868
32.8208
1.4213
9.8325
9.2531
54.0495
16.1927
28.3450
1.3486
37.6832
62.9888
19.0427
10.6292
32.3177
18.3653
62.9796
9.9185
54.6086
48.5250
28.8524
63.0291
20.9830
62.3256
33.6118
40.2512
6.9116
14.0589
62.3239
56.8932
44.0287
27.4875
11.4199
50.1976
22.8424
35.1011
32.5818
60.9113
6.9780
6.1869
31.3827
24.7039
56.0702
9.5641
42.9266
50.2310
51.2698
61.8584
2.6243
28.1541
51.8644
31.6160
59.7160
28.7138
37.7217
19.3519
54.0055
51.2081
12.8621
15.3525
4.1037
24.9560
30.9903
42.8245
55.4093
21.7759
12.6776
53.4159
33.6207
19.3048
26.9965
14.3127
1.5257
61.7254
19.7643
25.1518
48.2917
45.1946
20.9187
15.0834
48.3822
37.5723
21.0475
38.2560
6.3926
43.5653
0.8112
14.8107
35.6419
5.8246
19.6992
26.7485
46.6771
9.2567
2.3221
53.3541
42.1705
57.7309
38.8676
15.9356
2.2955
18.2435
22.4385
59.4570
54.7600
57.7285
45.7125
25.2698
54.2223
21.1416
18.4659
48.0894
2.9736
3.4187
6.8508
27.6610
33.4496
42.4059
51.5063
29.4011
29.7461
33.2149
9.3037
48.1351
10.1992
42.3877
51.2428
6.5970
43.2794
29.2231
63.6294
34.5914
62.5643
32.5855
31.2625
38.1836
56.8562
23.9410
50.8282
55.0450
27.2559
35.4026
54.0739
2.3790
32.0146
27.9151
62.7162
17.3270
0.0536
9.0789
24.3316
26.1252
47.9980
43.3089
3.4522
16.7270
40.1723
44.8423
37.4968
49.4532
10.7679
51.3702
51.0371
38.5567
13.2884
4.2778
40.5574
10.7982
57.2913
50.0066
45.3504
29.5633
22.3220
7.5932
12.7739
13.5734
2.2470
45.9160
5.2314
13.0774
63.6890
50.8025
16.5505
43.4780
32.6376
9.5730
45.9660
11.1557
61.4144
15.3000
60.2572
21.1515
39.2483
24.1015
17.9254
12.5343
50.0798
46.4905
49.2332
37.6954
51.7744
2.3499
2.7382
62.7333
45.8882
44.6098
48.3109
46.1203
3.7779
41.4685
24.1214
15.8362
36.6982
11.3446
51.4994
15.3034
23.2491
38.4689
1.3779
59.9591
43.6326
59.4884
51.9331
8.9165
31.0287
26.7703
6.4534
5.7997
37.5171
7.8571
57.3788
46.4237
45.6313
35.4892
29.5974
38.1560
34.7983
47.5550
31.7137
43.6556
39.9984
49.8065
9.7311
33.5903
46.3055
63.4505
40.4479
62.6685
20.4122
33.2616
56.9288
8.3126
59.5574
44.9449
18.0733
57.4426
33.2209
45.9475
39.0397
25.2763
52.4035
52.5984
8.7099
22.4375
31.5904
48.6430
31.3504
60.9627
7.6860
18.2622
44.7794
18.1325
11.7722
3.0610
15.7468
39.9818
20.8082
29.4830
14.4470
48.0479
44.1817
17.4727
0.1086
61.1938
0.1054
58.4392
6.2241
53.2797
45.7237
60.7181
17.3919
31.4058
24.4293
23.4097
55.6233
2.4975
54.2644
43.3841
5.0934
26.0775
34.5062
41.4371
39.9062
3.2284
21.0193
59.9559
38.6047
40.0378
7.6776
29.5897
25.5492
6.3880
16.3726
11.1298
43.1889
22.8668
49.8247
60.3683
31.9683
8.3649
17.9490
35.5855
32.9855
26.2509
34.8041
5.0413
19.5646
2.9022
7.5914
38.1893
61.2589
20.8243
35.8289
62.9333
39.3554
45.3680
63.4686
59.3197
17.2330
40.8823
63.7442
41.2783
44.7038
62.1692
57.9185
45.8576
33.4032
32.6056
60.8285
29.2485
37.4943
54.2959
50.8170
46.8128
22.3044
35.4688
30.4726
45.0073
49.4536
10.4113
62.6510
28.3413
35.6500
36.2438
37.0450
44.7010
6.2954
46.1870
9.9949
50.8255
18.9452
44.6359
36.1827
32.7192
12.3991
44.5480
49.8504
16.1022
27.0009
41.6690
44.7123
47.7834
25.1284
32.5930
24.5637
10.3157
44.4923
0.0457
52.6418
38.3509
27.3971
2.8147
58.9181
32.1713
41.4942
52.3137
39.4541
56.0232
59.4480
55.1497
25.4145
5.5369
13.5181
51.5497
49.1267
41.2143
14.5751
25.6321
32.6562
58.6442
10.7343
5.7467
56.2814
54.0673
41.5843
56.2386
24.5449
42.7200
19.5338
62.7880
26.3969
9.5674
63.2276
8.5462
15.8164
61.5521
27.0665
57.7945
11.8956
54.3122
14.7453
5.1017
15.3649
23.4113
22.5195
11.6642
9.5363
13.8040
4.1902
17.3615
51.1719
53.1061
52.2548
20.4404
51.8670
23.0411
30.4987
25.8225
11.8338
12.2897
46.0649
25.4664
7.3579
36.3905
21.6969
37.0583
40.4017
12.5292
7.9880
8.0203
44.5177
24.2934
24.2787
24.6944
37.8874
10.6419
41.7516
29.9642
58.7913
18.1168
8.9399
38.2859
60.5234
58.6659
18.2265
19.1843
31.1061
52.1179
21.6887
14.1245
62.5844
42.8298
20.9997
51.4073
51.1833
24.7115
11.5232
8.9687
5.0831
33.6361
40.7675
15.3096
2.3043
15.0835
35.2382
62.4606
19.5192
33.2008
47.6081
30.9909
31.2496
12.7068
11.3488
49.4569
60.9750
19.9341
34.7672
47.0221
58.9555
49.5488
53.6819
61.4884
0.8833
44.3178
20.0600
13.6437
13.4645
6.4618
10.3096
6.0856
30.3435
37.5856
62.8659
26.8401
49.9873
14.5264
10.6522
38.6335
15.8959
9.0194
2.6254
59.6247
40.1543
7.8982
10.8086
10.3248
55.3576
37.6950
36.9266
60.2757
0.8581
12.4584
59.1059
20.6707
31.7810
62.4354
52.0938
13.3415
31.5937
18.2958
17.7324
55.2944
54.6887
63.2340
22.3163
0.1403
22.6995
55.0246
20.5064
1.4738
54.2754
28.0154
1.2857
42.2573
32.2252
58.8140
37.4433
1.1313
26.6525
5.8724
13.8491
57.8591
49.5907
8.8684
33.3804
47.2431
34.2470
16.3837
38.3348
23.8607
63.6380
13.5971
22.6711
59.6892
38.3557
49.6356
2.4871
9.3531
63.9000
34.8873
15.9712
19.6597
30.5093
41.0207
13.9455
8.5384
45.6617
9.3144
9.5391
16.3973
58.4807
49.1820
51.1006
38.0751
47.3783
58.5418
19.3263
51.6716
54.2644
23.0896
16.2040
29.9253
2.6629
35.2368
10.0255
62.1719
0.1010
59.1395
62.6584
0.0410
56.9520
26.7180
18.1347
26.7708
30.1489
48.4306
44.3805
63.0130
26.1686
34.3819
62.5860
50.4834
53.6432
49.0906
1.6558
14.5641
19.0736
10.3591
10.4453
49.9227
39.6534
7.3798
7.2647
56.0224
2.9591
28.5886
12.5686
58.7783
9.0574
62.8524
42.8248
24.1666
22.0289
45.3889
46.1402
42.4120
55.4243
35.5617
32.2008
16.5758
1.8574
50.2973
6.2949
9.4874
40.9746
25.3365
15.8628
12.6196
42.8936
0.9378
22.9113
14.3743
58.9368
32.6575
44.2796
44.5597
3.7217
30.9112
12.1733
42.4204
0.0658
10.8220
4.8868
7.5687
4.6716
54.6985
18.4060
40.7795
43.6504
34.0919
25.4486
1.6013
1.2252
15.3902
47.4929
22.0092
42.5379
8.7208
11.6484
40.0258
38.6224
12.3389
26.0437
56.1512
5.5185
61.5139
54.9251
13.1966
45.4025
20.8309
46.9646
5.0054
60.8994
2.0525
30.7981
30.4896
30.5396
2.8518
39.8929
49.7169
44.4243
47.4865
9.7036
21.5654
10.1545
18.9715
14.0721
11.3116
19.4238
34.5812
22.6416
58.2714
5.5459
39.6868
23.6559
49.6275
33.8376
56.0253
28.3879
47.7172
53.3070
18.1299
1.3459
56.5739
6.4030
38.7583
12.8545
9.0191
28.6320
4.9440
45.0386
40.1973
41.1102
47.6024
26.3899
23.9496
46.5360
45.6032
39.2782
33.1371
60.1576
30.2440
24.8029
14.4332
15.8731
62.5033
17.0295
13.3834
47.6109
20.2548
61.6311
31.7057
10.9788
17.1144
4.0437
31.9796
55.4579
5.0718
51.5968
54.2159
19.3386
37.0819
21.7951
18.4293
27.3053
14.4936
21.7532
3.5461
63.1097
28.7493
17.6572
46.8533
33.8293
60.0184
30.9808
31.2703
60.7091
5.2996
15.2829
38.0127
39.1552
39.6437
22.4723
10.0666
20.3150
36.9096
3.1961
5.0269
34.8903
45.6621
10.0240
20.3513
2.9478
20.8690
26.6849
23.7996
44.8559
13.8983
48.6680
62.1273
49.7524
27.3661
32.8784
62.3286
30.8047
63.9024
41.7025
40.5697
15.5587
33.8384
36.0431
44.7719
5.5706
5.2609
12.2557
46.6671
22.5388
58.0459
39.2994
4.5299
36.9698
34.3037
40.6141
2.8174
29.6571
28.8741
42.4749
55.0152
52.5849
58.7632
11.5927
45.7854
2.5072
48.6530
3.2473
22.8437
16.1813
23.5084
59.1980
54.3885
4.9718
56.1004
36.4071
15.4412
55.4521
51.1857
49.1794
34.0011
39.6099
36.9735
44.0952
59.9677
8.4546
37.4338
38.6927
28.7282
13.3858
7.7905
37.1818
61.2280
11.5092
18.0042
47.4993
35.0849
26.9579
40.6407
18.0288
11.2615
23.0794
23.9261
10.8749
13.7880
59.4065
63.7521
27.6618
40.5624
50.5825
29.0726
33.1896
42.2133
30.8441
63.7055
18.9109
3.1214
25.8023
4.2067
48.0044
37.0707
16.2280
38.1778
59.4171
32.7666
45.7007
5.1974
13.5703
17.8654
41.6613
63.8404
53.1397
28.9760
0.1944
58.3418
23.3915
13.6801
3.6277
7.4285
44.0604
63.9995
59.8607
10.5107
53.6913
62.2621
34.9408
25.3642
28.3165
6.1250
10.3688
4.4968
62.4366
12.8290
21.3980
48.9029
22.8484
48.8699
55.1613
53.1363
11.2699
11.1019
48.8752
53.9585
22.9968
23.7345
55.3838
45.2595
44.5090
56.7309
8.6120
0.3492
8.0222
6.0453
16.3124
23.3631
24.5578
55.1843
18.0620
44.2792
53.1763
0.7647
46.0797
36.8593
2.1841
17.9569
42.4231
31.2105
63.5415
2.8611
48.4863
50.3630
12.6019
59.3652
48.4503
17.1821
42.2383
42.4862
25.1786
52.8888
8.3863
30.7996
31.3781
60.4267
47.3216
47.8451
39.5434
58.8588
8.0309
56.6966
18.3312
41.8048
11.7026
58.3824
51.5404
25.3611
13.6956
33.7466
48.7108
10.6753
63.0550
35.7275
23.9581
25.0553
46.4943
14.7491
14.9289
13.6766
63.1915
42.6021
52.3374
14.6315
28.5910
22.3218
9.8479
32.7642
34.1825
13.9793
5.5226
38.4338
9.5295
52.5108
16.5171
1.4415
62.4640
11.9931
56.9850
7.6848
53.5833
57.0637
48.9780
13.0492
37.4284
26.2102
19.3669
33.5045
5.2372
39.7951
62.0500
44.8378
36.9436
0.4933
34.8170
43.0317
58.8535
42.8809
25.1253
46.5115
23.9885
44.8114
10.4494
2.0246
49.5636
12.5824
50.1671
17.5041
49.7736
14.3830
6.9064
23.9591
42.0697
52.6274
54.2749
0.2823
62.4926
22.2886
19.4868
62.9642
0.0370
27.4759
52.7148
23.1411
43.9922
48.9170
13.1599
7.5302
35.1901
19.8343
45.2231
0.6589
51.7476
17.3274
23.6637
18.8892
61.5417
17.0633
26.2135
9.4468
53.6117
28.7082
7.2568
52.2297
7.9639
51.2120
58.7255
26.9477
36.7706
44.6735
7.7185
13.8293
58.0604
9.7715
42.7408
43.9155
57.7752
44.3280
43.6632
19.7831
1.2903
36.0362
20.9243
11.7766
25.9647
1.3118
37.6797
46.5810
30.5158
18.8756
22.4201
28.8708
57.1878
21.9410
0.1395
28.5607
54.7855
45.9125
31.6644
22.0889
6.2945
7.1188
32.7689
19.8782
45.0017
18.3797
15.0548
54.5952
35.6020
57.3060
11.9981
37.0910
5.3429
32.4100
10.5033
40.5178
62.6935
51.1871
36.3328
34.3544
47.1678
32.5817
45.7720
58.8198
11.1477
11.1641
8.0186
23.2446
35.3928
11.1414
43.2476
30.9126
10.6260
12.5136
5.4710
37.3675
23.9637
23.4262
4.1375
21.5124
43.8231
27.3426
50.3971
51.3332
18.9897
32.6739
28.1976
63.3607
14.6797
58.0741
33.9962
20.6776
48.5688
44.4030
37.5562
16.8042
61.0637
44.3923
25.0259
3.9951
33.4937
29.8809
18.9125
17.7819
63.1845
53.6678
26.0175
49.9622
45.1323
19.5253
27.7632
43.8041
16.5578
15.4945
15.9427
31.4631
23.1608
38.6164
44.0686
14.1956
51.6206
22.0311
54.7978
22.1460
40.7557
58.2703
3.7431
6.6837
9.1293
50.7962
45.5243
31.2318
8.1778
11.4053
9.1086
10.2767
59.5448
20.6836
11.5173
20.1974
22.4595
30.0516
29.2142
14.5101
29.8693
46.2132
50.8387
11.3747
61.8386
1.2324
60.3760
30.7628
45.0042
27.9139
58.6501
50.6629
9.2459
5.4382
14.5171
50.6419
53.5073
35.9085
20.9473
6.7808
45.8606
59.7518
33.5168
60.7956
60.3535
22.0789
5.0927
60.1816
6.0120
53.8870
44.9863
56.1303
7.2764
9.4014
13.0737
39.4804
22.5306
19.9133
39.4603
54.8669
1.0074
46.1823
36.3070
48.2815
18.2252
50.5055
62.8116
23.7675
32.6598
56.5030
11.7903
54.6133
35.7726
39.8312
62.4856
36.8060
9.2479
54.1344
21.1978
44.7118
46.6452
54.5222
47.1882
20.4605
21.2544
24.8937
11.6584
51.4866
25.5339
6.6770
30.0163
28.0281
2.0992
33.3665
9.0441
7.2944
34.8996
6.6304
54.4241
12.1491
29.5672
33.4316
47.8529
2.2745
54.8688
15.1902
3.3196
27.3582
59.6621
30.2263
61.1693
11.7507
44.6086
43.7513
53.4057
7.6996
51.3785
33.7755
24.9037
45.8238
16.0241
6.5545
60.0937
52.1008
63.4668
9.1345
47.0044
50.2660
28.2164
28.4741
25.8871
34.1692
63.0621
9.9307
57.9232
40.9753
10.8845
5.4072
61.6219
12.3409
52.9390
29.3694
55.0147
14.8324
45.0933
25.1164
25.7082
6.3404
11.5473
48.4389
54.0765
18.5835
26.3673
19.7938
58.0354
17.9190
2.3765
53.9720
21.7927
3.6234
45.0725
51.4975
62.3366
53.5872
9.5817
46.0224
1.2560
1.0608
55.2483
62.7165
16.3661
13.6969
29.4948
59.7897
19.8194
38.6779
5.6116
59.8535
57.9276
45.3836
62.3482
22.6452
14.8005
5.5921
19.1246
23.9681
57.2530
0.9472
21.9354
10.6967
5.3710
5.5369
6.9469
24.4384
57.6041
52.5047
41.4071
24.3308
60.6673
29.3429
7.7462
12.2261
34.7782
43.5173
12.0947
38.1287
55.7462
63.8050
45.4256
21.2264
40.4649
34.3643
18.4354
13.9265
49.3598
44.6034
35.4647
29.7485
60.8524
28.3479
60.4437
45.0578
0.0747
52.1608
59.8156
3.8375
1.3666
14.3732
6.2341
6.9473
45.0266
55.8816
25.1276
8.0440
44.3656
55.3271
10.6999
59.6216
54.1803
17.1687
49.7656
20.8850
10.0082
49.6082
16.7012
49.5585
5.9306
50.3597
40.2506
24.4991
21.0490
19.1174
10.0600
34.7766
1.6283
22.8264
26.4580
12.7581
9.7728
15.1880
56.3894
42.8029
31.2972
55.5990
43.4377
55.5500
39.7535
37.3033
58.5912
7.1669
63.8674
12.5018
49.1325
11.9485
46.4092
58.6222
41.6833
41.8494
33.4135
19.9976
36.9421
51.2569
37.9924
46.8984
24.7895
43.1613
42.3966
42.6366
36.8751
16.2200
50.1915
1.1459
44.2845
7.4849
59.5199
23.3769
17.7681
3.7989
47.3443
53.0508
39.7234
15.4983
56.6290
6.0741
62.8041
39.7956
27.7735
14.1220
47.9273
9.7605
7.8212
48.4835
2.2876
54.1904
47.3082
25.8625
9.1393
13.0564
5.7089
27.1719
61.7679
37.6873
54.4895
51.0602
8.0938
28.5136
55.9224
15.9897
40.6047
55.7312
7.8720
2.1575
10.7439
24.5950
38.0233
39.2501
1.9749
35.0228
38.9536
13.5577
27.6259
15.8600
47.3811
7.0607
6.1443
2.4434
11.2070
17.5247
13.7202
47.1386
49.9105
32.0479
3.6618
20.9910
48.5426
58.1316
16.3827
60.2857
25.1365
13.2978
6.5864
58.8913
22.6245
63.0910
13.0014
19.2013
43.3790
32.3609
41.9917
12.7996
61.4871
61.8031
39.0955
27.3385
16.2636
52.5365
17.2633
13.1359
30.7628
61.0876
61.4659
41.4248
16.1605
56.9214
19.3797
62.0611
55.5817
41.8388
12.6445
23.3225
23.7580
62.0228
52.6244
27.2904
15.7771
43.0969
16.5560
43.1278
18.6272
1.2857
20.7593
5.8984
53.3285
3.0308
27.8737
54.5313
45.1244
61.4741
49.5031
28.1392
50.7113
35.5458
33.4516
0.1579
57.5563
24.9744
42.1459
3.0173
16.6132
47.5270
4.2129
21.5346
10.3451
2.0632
45.1468
14.7517
24.3117
23.6460
44.7476
41.5718
43.5539
63.1354
28.7429
46.2407
2.0481
32.0108
36.6160
0.0684
3.9321
38.1110
30.5563
7.2283
17.5565
6.7703
56.3182
3.5805
7.4283
17.0965
32.5805
63.1580
20.1474
42.8871
14.0545
12.7177
59.3202
57.4488
56.3800
56.7646
13.8554
39.5162
44.7347
4.0696
57.3921
29.8317
14.0415
59.8971
18.8921
63.2438
9.4864
35.1289
11.1486
19.8190
42.9494
50.6370
11.1791
48.5911
9.3723
37.4571
62.0671
34.1438
37.5161
15.4998
54.7544
33.6164
49.1674
57.9527
34.9127
56.2844
50.4005
6.0750
62.8529
53.5933
6.1504
34.4728
58.5709
60.5581
16.5296
8.1447
48.0289
16.5989
63.3083
55.1680
19.3710
17.3945
27.5907
28.4877
19.4398
56.3156
13.6625
57.2970
45.3119
9.9310
41.4511
58.1289
57.0771
63.6398
27.4775
24.2620
63.6346
12.3529
3.7059
10.6240
12.9738
9.7929
2.0181
58.9741
18.6813
25.1354
28.9821
25.9142
6.6787
27.3873
43.3883
21.1956
5.0507
8.8886
53.8379
36.9116
24.7930
33.9937
38.8772
10.8398
60.3394
48.8359
9.6247
37.0696
57.2525
14.1632
8.4452
57.2418
3.0296
8.5382
19.2472
15.6044
34.1668
54.9511
29.3045
22.0172
6.7558
28.2427
40.1590
10.5441
51.3995
52.5537
9.3024
10.2239
22.0045
24.1747
45.6152
60.6917
53.8035
42.2901
47.7982
36.1361
22.7552
39.7116
58.8491
60.4198
52.9643
35.8732
25.1923
24.5020
45.6104
50.3907
61.5086
8.7087
21.3898
45.2120
57.8098
21.5087
56.4520
42.7051
7.8012
62.5375
58.8569
22.6467
59.0176
25.1963
17.4871
21.7673
8.6170
42.2782
34.2457
3.4156
31.7142
16.1984
1.2774
12.3874
51.9128
39.9464
4.3087
50.2511
18.3830
26.2849
14.3739
56.1173
10.2891
21.7262
21.4023
60.2668
30.0443
11.1748
46.6253
17.8539
45.0461
41.8697
22.4671
61.4626
8.7428
51.4241
32.8713
19.2206
48.0012
40.4429
16.7109
63.3848
32.3751
33.9040
51.5075
6.5488
51.1308
11.3943
25.8382
44.6785
63.8553
27.0413
18.0123
41.4515
15.7458
43.0907
59.7393
0.4775
36.4470
11.0540
29.1918
41.3889
17.0403
31.9211
3.0368
55.2237
57.8522
49.1316
1.7206
28.1569
25.0932
34.7452
23.8161
36.8978
30.7841
49.0281
31.3567
60.0388
60.6671
56.6485
51.0691
15.6320
7.6178
39.8001
26.7255
52.2607
43.1259
19.4468
25.3536
41.0138
15.4822
7.8059
2.5541
17.3607
32.0739
39.7659
60.4880
34.1254
49.3298
19.0380
44.6909
61.1151
51.4107
45.0282
58.7321
11.4352
13.2457
7.8634
38.1164
51.2365
62.8457
54.9538
24.7023
59.6077
5.5291
35.7352
42.2848
51.9688
20.3556
22.0887
55.9801
46.7100
42.5756
42.0856
10.4206
4.8475
19.0403
53.5903
10.2482
2.1513
2.3462
32.6997
18.1804
27.8412
4.0686
16.1991
53.9833
15.0052
22.2774
44.5722
58.4386
63.0408
25.1312
57.3737
27.4813
61.0147
30.2031
40.5881
16.8806
26.4720
59.1781
23.7176
26.4621
14.8256
4.7667
14.3903
27.1193
42.9483
13.1692
56.7690
10.1741
17.9046
37.8058
3.6935
19.7121
10.9664
58.7356
40.3564
1.9533
1.4892
11.5952
61.7013
4.8867
23.5525
19.1301
6.7363
41.9554
23.3635
62.5516
49.9097
38.5096
44.4344
0.4298
54.2326
28.1624
28.4507
17.7101
44.9614
61.2672
4.0438
63.9052
59.0576
61.8010
39.6076
19.8690
48.1048
63.6567
41.5169
59.9358
40.6141
12.3856
0.5722
22.5367
26.8769
36.1209
52.2026
39.0326
21.5634
15.0375
26.8008
40.1018
58.7688
45.2888
5.1390
9.6294
10.4033
11.6534
17.0100
10.0600
36.4411
42.4759
31.8475
23.5010
17.5174
13.4102
60.0490
60.0467
33.7016
15.6665
17.7510
8.9328
3.2939
9.7219
33.3863
47.7387
49.8440
60.5646
45.3599
52.6615
49.4814
7.2050
30.8811
42.7357
62.0141
48.0991
31.0716
24.9158
19.9473
33.1379
28.1300
26.9409
24.8976
53.3106
54.3601
3.3289
45.1743
19.7541
10.1137
32.9219
6.6927
23.4782
52.5679
62.3160
42.5845
53.4902
52.4903
48.7117
54.2958
15.0108
4.8279
29.6148
46.1118
11.6864
18.4466
6.3729
12.4054
13.4582
18.1478
37.5378
9.2696
28.9164
45.3014
58.3971
52.7210
47.9324
23.8899
32.3647
53.0299
28.5878
37.9986
53.1302
59.8694
61.4898
55.0466
35.9338
2.7392
17.2906
45.7500
51.2453
24.3754
40.6992
38.8188
16.5053
9.3264
30.0627
54.4087
4.5745
3.4522
48.3426
41.2303
62.5238
38.8169
14.5708
10.3405
63.9893
32.6815
43.2558
48.1443
9.7827
55.5516
1.6782
11.7235
15.6224
60.5045
11.2863
29.0246
43.0423
29.9345
21.1156
28.9021
26.7753
36.0707
59.6766
40.7963
9.7299
27.7886
32.3645
30.6523
51.7305
50.5192
0.7787
49.6502
56.6934
30.5212
34.0933
2.9842
39.0425
6.7266
28.8047
4.1399
38.0830
39.8536
0.2257
40.6317
36.4832
22.5900
7.7819
29.8546
3.0245
27.1528
5.3827
22.0639
5.2128
60.0154
12.7801
48.7272
1.1917
22.2031
10.1245
7.4111
47.9664
13.2610
11.7495
20.8331
19.0372
39.3819
9.9649
28.0840
31.6669
33.2203
36.9288
48.1780
33.3363
44.4128
27.0298
22.1860
27.1535
36.2429
45.4080
50.0688
9.1353
37.7840
44.5519
32.9257
15.1874
13.4843
1.0935
34.0571
48.4238
29.4947
10.1398
61.8110
57.8085
57.8071
47.7127
1.9063
62.4742
17.6058
47.3979
54.4288
62.2355
49.4154
38.1930
48.3425
2.3679
45.7972
53.4640
5.3715
61.0675
50.0133
5.3199
38.4668
7.5631
58.4957
1.8540
29.9199
61.7908
4.6356
14.7974
32.3282
54.7515
30.6598
9.3162
41.3809
20.1252
62.8687
38.0350
49.8279
58.3197
41.9433
42.0792
28.3165
16.1363
18.1711
46.3548
10.0651
50.0926
61.3012
1.0439
8.7162
22.2293
33.7153
14.0348
39.7837
11.2599
11.9259
38.7104
11.7054
57.5402
13.4599
62.1359
58.9803
14.8864
32.6926
48.0538
46.1200
35.6794
53.8838
50.2307
55.9377
54.5740
6.0194
23.0953
34.3243
45.5789
12.6022
44.4782
6.1592
26.7691
30.4786
45.0207
14.2020
7.8931
7.6167
8.8333
28.7880
43.7498
3.7457
40.3884
26.3286
57.5016
47.1237
49.5761
36.3770
19.9032
19.2208
19.3902
50.0803
8.0355
36.6852
24.6820
50.5753
1.6801
29.4398
43.2446
45.6813
29.5513
50.8757
20.6731
56.7296
39.0676
7.1228
59.6697
8.2493
31.9058
42.0144
11.1525
28.4728
19.1782
9.8795
60.3424
9.0757
27.4276
57.5584
36.9680
50.1486
37.9576
5.6926
14.8558
56.8943
29.0121
39.3212
51.8450
7.6027
34.4604
12.0800
37.8968
61.0614
44.9063
44.8440
47.4742
19.9114
17.0726
23.4594
48.4762
58.3847
38.8524
2.4631
31.5923
36.1929
49.6832
19.6789
40.8861
33.1837
50.3600
29.6161
14.9994
1.2100
33.6552
39.4852
4.7402
8.7691
62.5766
1.6431
31.1886
3.9158
37.4766
41.2815
13.9886
35.8382
52.6867
28.9662
50.3262
44.7831
13.0618
62.8045
13.8368
17.9981
61.6671
27.7379
11.8176
46.0838
60.7155
14.7559
36.1959
7.0053
8.7220
17.0408
46.4626
18.5289
6.6364
54.7194
39.5562
12.5598
40.6270
62.9559
59.1557
61.3739
14.1912
5.4076
52.8207
47.5471
14.0356
20.9561
52.6425
7.7753
50.3227
42.5371
18.1994
1.0027
2.7950
34.5153
47.2736
49.5212
10.8041
24.0749
5.2901
13.8068
8.3485
25.6318
3.3106
51.1730
18.4188
6.2107
0.9127
20.6000
27.2156
46.1025
4.5190
47.2093
58.1148
24.0465
1.8171
25.8207
13.1603
6.5311
15.3243
15.5470
14.9041
61.8379
60.8991
40.7219
4.5460
20.4122
3.4616
0.7185
11.0456
49.5684
31.2215
30.6444
52.4318
17.8959
10.1835
34.8147
59.5455
31.6739
50.3043
10.2471
13.1765
20.1368
49.7537
14.4567
37.4014
14.0654
35.2015
21.4635
42.0909
61.4717
38.5196
5.5065
14.9249
15.0890
47.7727
61.7131
26.2422
6.9564
46.7389
48.4693
61.9195
49.3584
41.1493
16.1509
41.7796
29.2358
35.8794
43.1234
33.5135
54.9530
3.5981
21.4756
43.6143
40.9865
34.9805
9.1174
21.1887
63.9393
12.8036
43.1560
4.9777
8.9140
22.6817
37.5728
21.4367
62.0513
0.9494
49.2864
34.7299
47.1192
47.5353
30.1916
30.9976
12.4077
16.9631
39.6665
19.6117
49.8219
21.8456
0.7201
63.4238
16.6870
52.1065
60.3781
13.2138
45.6398
12.9565
34.5486
25.3776
41.5046
2.4286
14.0186
14.5832
50.3017
32.7472
31.9342
53.3702
40.2830
23.2201
47.8873
62.6499
59.8431
56.0224
18.1453
13.2810
5.8460
51.1916
29.3050
47.5058
2.7801
30.9964
4.0975
1.3953
48.2632
31.1819
24.1773
56.0141
46.3562
17.9703
63.5892
21.9634
9.1843
3.0194
38.2187
52.1062
28.6645
42.4665
4.8950
28.5781
26.1797
45.8505
50.3841
14.4724
32.7834
4.1353
42.6817
24.1927
36.9930
27.6354
63.1300
10.7254
34.2208
43.6748
30.0777
48.3255
43.6665
62.1628
56.7055
51.3292
62.6959
7.5278
63.4281
35.4864
49.2092
6.3485
55.9786
56.0856
29.4975
7.4654
46.0061
27.2873
20.0725
34.8398
16.3862
51.2416
17.3317
50.0887
44.9172
27.2670
12.8575
20.7126
21.7042
28.9705
3.1572
45.1104
50.8898
9.2092
4.0828
43.3332
62.6311
14.8464
31.7541
56.8855
31.6377
54.1294
51.4070
13.5933
13.8437
26.0121
63.8028
43.5188
11.1089
60.7347
48.7863
10.3516
42.9909
56.2241
17.2533
1.5967
47.0863
33.6990
37.5212
26.9788
19.0675
27.8965
19.4441
15.3066
53.2968
33.8564
10.8543
37.4304
39.0592
22.8065
62.8474
61.6264
33.3957
21.0898
8.9431
30.1128
53.9561
51.8420
1.9301
32.1818
9.8804
49.9519
10.1610
36.1805
6.4732
55.3931
7.5668
12.3056
36.6126
28.2826
47.4664
3.5539
55.2454
4.5920
4.0587
61.5768
13.3312
41.5675
0.7572
35.0788
51.3838
51.2478
53.4214
18.1533
60.4396
2.9727
54.1208
26.5873
60.9658
29.4908
59.4644
58.3145
6.6648
12.2757
42.8830
48.9759
39.1544
44.9878
28.4649
38.3554
62.5498
63.2905
10.5467
6.7298
49.8408
19.4575
21.8834
62.7514
49.9298
28.5551
0.4811
43.8938
1.0070
38.9313
18.0489
35.2486
29.0407
7.9504
48.7380
1.3898
43.9238
38.9532
45.8272
3.1561
59.4221
4.0184
50.5055
8.3757
39.5425
5.8242
28.4082
41.1759
19.6133
41.0056
37.5096
39.4919
3.6675
32.7653
40.1959
11.3135
40.8727
38.2093
43.2807
6.5127
31.7019
52.9716
2.4140
16.3103
22.6476
10.5363
27.2968
24.4969
50.1895
42.4015
24.8346
49.5898
17.6533
5.9889
32.9867
39.8537
48.9532
33.1987
9.6839
13.3624
7.8547
62.1652
9.1116
46.5247
58.2563
1.6350
46.7499
52.7731
54.0316
57.4509
9.7545
14.1653
1.2437
22.6451
27.7347
18.7750
56.9071
26.5903
37.9690
42.7457
36.9636
41.3853
56.6779
4.2214
55.9342
39.6511
11.5377
53.4574
22.6789
33.6418
52.9027
49.6224
30.7915
8.4376
22.2867
0.0550
59.0392
48.1164
39.9195
2.0949
37.7059
23.4978
54.5416
15.2836
56.9365
52.1864
53.5415
15.0755
22.0086
30.7555
30.3201
2.7043
0.8307
41.9691
25.5913
28.9342
58.9395
34.8288
49.0920
15.8694
56.8799
3.3776
48.6836
36.3778
24.8317
18.1626
8.1422
39.4253
38.8128
16.5683
22.2291
23.8864
31.4280
29.2865
50.5097
9.8669
19.9851
2.0757
17.0151
52.0205
50.5467
47.9894
63.7098
1.7825
21.2319
52.8998
12.6586
33.4600
59.8767
19.6265
62.8244
20.9175
38.6255
48.8431
35.3208
33.5340
59.1883
53.8748
22.7814
19.1626
44.7570
39.7021
37.6269
1.6977
36.0755
24.7615
33.2269
56.4636
44.4409
29.4548
44.0660
16.6023
21.4947
0.9127
23.5874
36.6909
34.9581
16.3646
27.3575
53.9516
24.2412
56.5218
25.2471
30.7326
4.9497
38.4715
9.7160
34.8579
6.2991
17.0807
0.2755
45.5584
9.3023
35.2233
31.5645
34.3612
32.0361
15.5821
7.6065
25.1389
41.4700
38.7038
33.8915
55.0822
11.8139
21.0074
14.1699
15.3190
48.6275
7.4093
6.6861
7.2649
32.6197
56.0359
5.9339
13.8644
33.6010
16.5477
63.6890
3.4963
42.3790
19.6192
62.5622
28.3299
57.9488
7.5465
18.5089
15.1861
37.2235
2.8324
47.2706
11.6232
18.8035
18.1285
29.8051
58.3477
45.1901
57.5936
46.6929
56.7972
23.1480
32.6016
19.4664
14.6230
53.5029
32.6275
50.1707
42.4745
60.6988
41.6841
57.1305
63.8258
27.4550
8.5856
12.0489
14.2202
5.7357
10.2831
27.3163
60.6106
13.5646
55.7739
23.0008
52.1045
19.1532
59.4543
57.4196
2.2329
28.1251
9.9263
35.7453
55.3316
60.1469
61.4145
47.5167
35.6992
14.8110
62.6335
51.1883
54.3010
9.0082
38.5770
19.2393
31.7002
52.6620
46.2429
49.0085
15.4779
23.3855
2.7970
57.8802
51.4945
22.6976
26.2294
20.4191
48.5862
48.8732
23.0102
52.2323
56.3170
8.0612
43.6581
62.2670
57.3519
53.6509
14.6765
13.2989
3.0426
38.5793
6.0041
50.0276
4.6436
9.8626
42.6537
43.1728
27.8189
19.6415
61.4684
34.9529
45.1036
42.0964
18.6673
48.1804
0.8678
43.1630
56.5738
12.1467
39.5433
30.0820
44.9901
27.4652
63.1892
36.7595
59.1959
27.2952
47.6430
33.4503
63.7131
0.7651
42.7011
5.4744
12.7737
62.3577
15.5678
10.4767
52.7228
63.3076
43.5107
3.8416
16.0096
60.7250
0.1272
53.7506
26.2948
32.3376
58.1729
52.2370
54.3940
12.1699
28.2768
51.8371
11.0428
22.1092
17.7505
52.8547
26.7733
25.6654
27.2489
41.6997
23.2426
45.8316
36.7813
33.9514
3.0044
36.5890
24.9691
54.1165
61.2402
44.9441
9.6663
46.8451
12.9075
50.2415
22.2893
3.3674
27.3660
51.8836
28.3577
2.3058
38.0945
41.8325
10.7880
13.8121
53.7907
40.4803
35.0300
32.7962
1.6632
22.4822
61.5875
7.7014
57.8924
35.7348
15.0414
60.1864
14.6633
16.4730
48.4857
4.5326
41.5692
62.0740
31.5645
42.7327
45.6591
7.4291
58.6084
36.6547
25.9213
22.4824
41.9347
50.0414
20.2593
33.6353
42.8085
23.8038
44.0354
37.4277
28.5912
45.7749
24.0007
52.9132
44.0919
23.1832
10.4524
59.3263
37.0992
6.1231
41.7602
21.0809
59.8723
41.5593
21.4214
25.4393
37.4161
21.0735
50.0515
60.1351
61.4422
18.3841
23.5304
19.5020
18.4400
59.7596
16.1613
13.8262
48.6854
54.8814
54.7923
43.1049
2.0878
13.5732
61.5613
55.3821
52.8693
63.2671
21.0505
59.5931
53.7562
43.0608
62.9675
43.5147
6.1298
16.4958
40.2918
16.5859
40.1783
24.8393
44.4369
22.1009
30.6221
23.7962
50.3730
53.4174
15.7606
47.6767
34.9612
7.7480
23.0608
20.8012
37.0558
18.6527
62.0378
57.2397
51.5806
22.8281
44.3382
33.1694
61.6381
35.7526
57.5372
42.6476
5.8374
51.2166
14.1382
52.0593
2.7476
42.8742
40.2100
54.6688
3.0567
59.5396
7.7169
61.2977
34.6042
19.1564
57.9711
36.6507
34.6859
34.0157
26.1993
45.9906
40.0720
58.7850
19.6791
37.9517
2.1898
53.1581
12.1240
20.2841
59.7351
30.8498
23.2543
44.7372
62.0735
24.8205
42.2655
57.5399
31.2920
48.1880
53.1256
49.3268
24.0066
24.1358
10.8509
17.2928
2.9267
5.5549
29.1588
43.0600
45.2154
14.6517
33.4468
56.5561
62.6397
53.1796
1.7063
26.4709
31.1807
36.1643
16.5982
7.1172
47.3770
4.0590
14.4259
37.4795
24.6544
38.7215
50.1868
6.1251
24.7334
32.3250
5.9870
61.7834
52.7394
25.6404
41.0143
9.3150
36.5400
55.4304
50.4121
11.2903
41.5682
12.5759
28.0886
55.7998
23.0623
4.7888
14.9575
58.4968
23.4895
52.3771
5.4732
50.0220
61.5639
59.5083
51.7260
61.7362
38.1692
11.8434
27.2990
19.2307
53.6553
47.4358
57.9032
51.2834
14.7679
13.9557
40.9425
25.9223
7.3495
6.2135
49.8247
0.1209
2.7472
60.9388
47.6173
63.3108
23.6750
50.4413
6.3319
38.4123
23.7340
5.8558
63.2101
58.8036
35.2577
61.8277
43.6877
15.6169
35.7380
15.5308
25.5219
11.2637
9.8573
38.1887
26.1007
36.7216
21.3954
29.7991
49.8453
35.1174
31.7612
47.7248
1.0748
34.4233
38.2574
1.6578
31.9841
10.1871
3.9178
12.6798
0.0425
23.9088
59.6270
1.6168
13.0220
56.6591
56.8929
46.3422
17.7382
11.1641
44.6395
18.5226
53.2981
12.9731
26.9189
59.9050
42.2283
40.1208
44.3641
52.3329
49.0650
53.6454
22.1398
36.2250
53.5267
56.9094
34.5723
11.2193
5.2087
55.4968
50.9394
7.3919
34.0128
33.7317
25.7327
61.4890
58.2555
22.5697
51.3287
46.2523
44.3472
30.5496
42.5337
19.6987
42.1094
42.2132
16.1318
47.1694
17.5692
5.8041
0.8384
33.4216
61.0248
55.7679
44.5446
6.6484
16.0937
54.3958
43.0054
56.1508
51.3309
10.2131
29.7912
38.4981
28.1984
52.8210
31.4543
56.8056
62.4589
31.4677
30.5485
25.9287
56.0655
18.1469
34.1887
20.3005
42.4070
33.1815
22.0567
10.4953
39.0660
16.8996
32.8960
49.9036
28.2118
7.8811
51.6723
16.6416
32.5050
6.2560
49.5181
23.3585
26.3906
2.1765
23.9998
48.7701
17.1378
35.0874
63.0173
0.8876
43.0288
37.0804
54.1429
8.9029
42.4181
46.7328
16.0804
43.8615
57.2408
12.2138
49.0995
26.7286
51.3743
43.2111
30.0992
37.6306
21.6038
5.9116
0.0303
56.6736
58.1382
25.9073
35.3983
37.7315
38.6170
7.9426
63.3094
23.8636
9.8185
37.4623
57.6247
14.8163
44.6568
50.3026
12.8274
34.9655
48.5742
2.6780
30.0983
37.5623
55.4792
39.2743
51.0813
17.1622
20.8596
11.6512
27.6793
59.1934
15.2408
19.8226
61.4579
43.5605
27.5653
63.0707
17.4331
20.6688
33.1484
37.6575
32.5290
43.7918
24.9796
41.3141
42.9659
12.7094
10.9699
43.2983
29.6449
23.4924
58.6733
35.0664
37.7657
50.3031
17.6906
56.4221
14.3285
6.6177
35.0289
36.9958
29.0172
25.9215
38.7324
34.2163
31.6921
11.6852
39.6687
0.3268
2.9922
63.8459
18.6705
53.0077
23.4195
4.8753
56.7462
46.9258
38.2391
23.9415
38.0281
45.2969
28.4425
38.0154
39.1515
28.7414
12.1808
39.3109
61.4756
26.3375
5.3625
5.8522
9.9516
17.5873
51.1518
4.9076
61.6576
29.7459
47.8805
11.3787
25.0629
48.7798
19.5346
16.3957
14.2836
47.7811
11.8549
15.8670
19.2963
41.9842
12.8507
37.2351
14.2025
19.6149
47.2181
6.0538
13.0187
62.8872
31.6843
30.2938
50.3886
6.9528
52.3669
31.5700
45.5298
2.7072
11.8604
31.2880
31.3963
35.2781
5.4132
62.6820
43.0487
63.2712
61.6317
63.8836
38.7619
63.5733
17.8016
39.9346
31.7996
19.4884
31.3320
39.3011
56.6938
52.7524
56.3768
0.9679
34.4825
29.3054
49.8436
61.3163
43.4550
34.6395
42.9079
47.6393
2.7916
63.9389
38.6516
41.7172
48.5508
34.3948
28.1852
17.7477
24.6272
36.1347
2.0249
61.7437
29.9277
53.1905
29.4479
36.9351
22.4563
38.4187
6.9588
41.3712
14.6657
27.8715
62.3243
25.3219
38.3459
44.2983
2.6769
63.3067
60.0190
56.5375
34.4969
9.6608
39.0039
35.6273
55.2576
13.0150
9.0197
36.9473
20.8413
2.0204
44.7159
58.6303
17.8442
9.2126
27.0226
16.3408
24.5105
2.4808
23.5783
60.1375
2.8046
16.8756
39.4016
30.0117
22.7712
24.6220
60.4271
5.5080
42.2079
12.3190
10.0348
14.6503
36.6939
34.7873
4.4633
10.7027
36.8795
14.8443
5.7039
60.6147
62.0751
22.4912
37.9175
26.2241
27.7640
54.2059
45.3139
60.7141
8.6109
39.1656
2.4558
48.0796
40.8857
44.7564
6.6715
57.3858
12.4632
62.1305
51.3939
30.2451
57.9918
44.1851
58.4398
15.1077
27.4593
23.9689
51.5821
47.2072
53.5044
3.2133
50.9577
9.6144
17.8640
61.3913
43.2682
17.0666
33.4817
30.5324
39.5129
34.0519
18.0456
27.8084
25.2716
4.4440
6.0348
52.0252
48.7862
57.3674
22.2274
21.6011
57.4415
50.7958
15.7687
44.5591
23.1599
18.5898
40.7227
15.5099
59.3948
52.3433
51.2139
13.6833
7.8200
39.2080
3.0946
13.7772
39.3615
4.1613
2.8960
31.1156
11.5433
29.3227
61.1346
18.0764
40.3449
11.5712
35.6616
27.0900
10.5915
12.6049
27.8542
16.5098
9.1585
19.3409
49.0100
61.0726
32.3640
35.8904
41.8039
43.3375
55.7926
8.2894
20.2877
39.8666
36.8248
14.6799
12.5904
56.5415
26.7747
39.1455
57.2825
53.8195
27.1915
47.2116
14.7601
47.0224
12.8637
28.3447
50.4311
48.5447
40.0028
2.8058
37.2034
29.6043
8.6548
29.0356
31.3976
38.5717
36.0481
30.6860
13.2704
3.4675
3.6455
63.6982
58.3877
22.0800
43.2806
49.4599
42.6991
59.8591
21.2140
1.5675
10.8031
59.4511
42.2391
35.9650
52.8831
37.8827
25.0794
12.5223
11.8129
33.5468
52.7389
34.6150
34.6129
52.0211
29.1991
22.6218
1.5498
53.1969
34.5904
45.2858
19.1093
52.9475
46.3165
58.0669
16.8636
3.7099
29.7749
23.6953
5.5436
57.8981
0.2112
7.5504
50.4222
15.8150
56.3655
1.2440
25.4012
5.1199
5.8528
59.2863
48.4412
45.9262
2.4762
36.2342
29.9258
19.1178
14.4726
39.3727
34.7886
33.3027
48.9470
2.1603
9.3815
43.1050
9.6722
51.3790
3.8598
42.5727
58.4708
21.9726
25.3244
21.7020
30.6140
45.9839
48.8537
60.4559
16.3737
51.5007
8.7657
17.0974
62.1201
45.5345
12.7942
33.2746
52.2155
52.3852
4.9184
57.1342
25.4767
10.7909
40.1068
61.8550
45.7249
33.1978
19.8287
26.6097
52.0244
10.7811
58.0654
59.3180
47.2191
1.5162
48.7247
20.9923
50.3402
9.5865
20.0490
32.9878
2.0778
14.8893
36.0931
59.6680
2.4439
6.3619
17.9451
38.5099
28.5939
24.4519
51.7101
41.8979
62.7470
18.9706
17.0412
2.5991
18.6363
27.8564
0.8423
51.5088
19.6400
42.9039
53.3705
62.5657
17.3039
36.5087
61.6134
10.5143
14.2734
39.7233
46.8930
17.8093
9.8600
39.0003
29.1791
10.7044
8.0983
4.9549
27.8807
0.0612
52.7828
63.7166
13.5968
45.2506
30.8477
50.5958
3.3019
18.1069
59.7113
5.3255
0.8483
8.2685
23.1183
0.8042
51.5727
25.2346
20.2258
33.6729
10.3657
33.6503
57.2470
6.0587
49.5192
46.4641
49.4857
14.7940
8.0297
37.5083
5.2738
47.4177
54.8485
12.9094
28.6766
11.2542
36.9214
19.7455
58.9402
35.5028
30.1575
42.3291
33.9818
61.9465
7.2728
52.1117
3.1882
5.5147
25.5804
0.6258
30.8717
39.4648
20.4015
29.3405
21.5796
39.0287
46.5570
48.5868
39.5944
43.4337
44.6753
36.7087
49.8450
51.0126
63.3080
63.5607
12.5781
25.1450
33.2619
14.3619
36.1952
8.5697
24.4281
29.4986
29.2185
34.0960
10.7530
0.6366
17.8519
50.4624
58.7634
55.6054
47.7167
53.4530
37.2106
28.3729
52.4548
32.5261
61.8089
5.7264
20.9482
42.6131
49.6892
28.1695
42.0619
7.5480
53.0768
21.9150
50.1025
11.0964
12.0107
19.8162
0.7591
27.4950
57.8688
44.0234
26.7388
12.3341
34.3320
57.4766
61.5710
3.4908
13.2900
47.5927
21.5272
16.0918
56.4013
9.8132
49.7256
44.3168
39.4296
3.5782
28.1531
5.4497
32.7907
59.2581
0.2855
2.7375
24.7180
34.3701
45.3092
55.6820
63.7373
29.5323
2.7628
15.3174
42.0924
39.1322
0.8186
52.6339
22.6586
11.3199
25.8981
8.4938
40.3216
61.4388
5.8689
41.4325
4.3982
6.1258
43.8115
31.7247
11.0167
5.5692
14.8626
13.2020
39.8528
37.3979
4.5098
8.2878
39.1938
39.0003
25.8463
63.1927
3.8054
30.2812
34.2968
52.3255
61.6946
47.9355
36.8373
11.8943
62.1298
7.7255
24.7096
25.8024
30.8221
41.8822
9.3027
25.4476
19.6612
39.1224
5.1481
2.0800
53.4604
60.1630
39.4245
63.1521
16.1442
3.3228
20.2177
40.9838
47.4350
0.9673
50.0158
46.9759
38.0244
12.2259
60.6024
27.6543
7.9027
34.7798
44.5875
47.4576
13.0282
45.2192
7.1179
15.1601
60.6501
25.0485
52.1787
23.3358
6.7649
60.1768
27.2622
33.6565
31.3895
29.8100
45.9129
47.8071
20.2975
44.1367
53.7783
32.4014
24.2896
9.1420
1.7209
5.6698
8.9803
18.2245
60.9459
3.7776
58.4059
58.5192
50.5180
55.4462
9.8246
54.4229
1.6098
39.7642
20.1497
27.0994
4.1424
13.0012
3.1937
20.1457
36.6310
33.1736
18.8657
50.5948
46.9682
13.7142
27.7258
5.0089
5.5616
23.0874
31.7583
26.6450
37.6844
59.6365
2.5634
30.3918
61.6940
19.6586
6.7916
55.2516
37.2841
40.5251
20.1980
10.5323
25.6033
8.8010
2.2000
31.9354
33.6569
27.7117
12.3848
52.2319
47.5377
43.8883
59.9951
40.2530
40.4474
9.0572
21.9729
17.9911
20.7803
55.4817
18.5262
10.3295
36.7495
41.3034
24.9166
43.4388
15.1380
16.3541
34.6070
25.8941
62.0606
31.0264
17.8026
59.8582
42.6940
28.4567
47.9473
55.7302
6.4218
44.1672
10.4557
1.5965
0.0923
22.6588
46.8687
4.2210
46.7714
34.3849
4.3296
26.7082
38.8026
10.4362
24.7696
50.7521
39.1238
33.3515
27.6153
33.7224
25.1402
26.4980
43.9844
43.5415
56.1991
31.2802
14.3884
22.5799
51.7049
14.4604
14.7740
55.1769
25.4032
43.3395
38.0964
24.2251
17.4291
12.1086
11.8797
20.2120
28.5549
61.6070
63.0896
35.6941
27.9192
56.6880
6.0589
44.4729
13.4652
6.2393
25.1895
25.3928
32.8428
18.4792
44.5463
62.8624
28.7840
30.0397
27.3469
47.6771
30.3359
59.3937
54.1532
63.7323
45.3895
34.8453
36.7114
19.3880
50.9664
12.3846
16.1921
60.1551
48.9753
53.8090
55.7060
37.2030
6.5668
16.3728
13.9009
11.5509
2.1091
22.5769
23.5883
33.5854
18.4397
19.6478
47.6708
35.6366
11.6112
36.4218
25.6466
51.1438
21.6272
44.8675
40.3098
44.2795
9.6627
52.6412
32.4497
63.3929
42.5286
43.8984
62.8237
33.3386
59.0199
4.9092
58.2650
31.5938
17.3866
44.1851
20.2221
33.0549
1.2960
63.4981
33.1383
12.7020
31.6879
12.2815
56.6247
58.3154
0.4637
53.2061
28.1977
23.9365
47.0015
0.2041
34.4196
29.5928
12.9824
62.1817
27.1295
8.9388
9.0658
35.1318
53.2312
11.9104
19.8339
55.3371
10.2678
20.3494
54.0693
16.3436
42.2356
63.1950
1.4795
4.5195
58.1210
9.5217
48.4434
9.9681
16.8622
56.6822
56.9928
45.4247
32.8121
37.7175
42.4039
30.9366
48.6086
33.9179
45.0523
14.0408
21.1566
62.5253
58.4074
24.0108
55.9131
63.9364
44.2201
60.5263
63.5061
41.8206
14.9348
40.9485
23.2136
38.7433
53.8839
57.5049
60.2183
41.7728
32.0264
14.9543
15.8243
4.5283
9.4044
43.1649
7.1991
42.3493
3.0612
25.5803
8.9350
50.4868
0.0514
39.3484
8.6939
32.7984
18.2996
35.7705
17.2890
55.0051
30.4023
33.3228
35.7183
7.9726
24.2591
16.2612
55.9145
29.9197
26.2951
15.4658
10.2605
39.5660
50.1965
31.9868
60.3275
31.9934
53.9412
48.8496
55.6043
35.1793
61.4961
13.8716
48.7891
0.3305
46.7565
10.5784
36.5878
35.6544
8.9084
13.6658
30.6131
63.7961
7.3245
33.7102
8.9610
31.0340
25.3002
57.6144
14.8852
19.4191
48.1264
9.4202
63.9510
32.1797
21.9892
8.9073
51.3458
58.2974
16.9841
36.0895
39.5333
60.0288
57.2733
25.7896
8.9790
57.6570
32.3553
60.2634
54.1051
24.4392
50.8865
11.4253
58.8782
48.6075
57.3835
3.9410
29.7551
45.2478
42.2245
2.1088
4.5965
51.0501
63.1857
55.8423
46.8600
14.0424
50.4180
52.5387
30.4402
21.7981
52.3533
14.5214
39.1404
59.9285
11.7947
55.3813
61.7317
29.4282
10.2870
60.6310
12.2576
39.3557
38.1396
23.7567
50.2656
60.7209
30.1877
51.0857
53.6166
29.8785
26.8745
10.5548
50.2286
28.0530
61.7413
55.2368
0.1219
16.2509
3.3772
42.5732
14.3473
8.7842
14.5505
42.4991
14.0924
35.9116
28.9414
48.2587
58.8087
17.9800
52.6689
22.5909
44.6370
19.9483
4.1413
43.5792
48.5400
24.2751
19.1134
57.1493
56.7335
61.0642
14.0543
15.2909
7.5189
5.1935
42.0690
47.7198
44.0862
27.1018
6.8623
37.5446
0.7052
3.1255
53.1772
19.4996
22.7277
27.0982
63.7099
17.8592
51.3233
7.9903
38.0598
19.9185
29.0176
29.7420
46.3654
57.4122
56.9046
12.2904
47.8964
3.2121
27.7595
0.1613
41.0685
31.5423
4.2563
0.5141
18.7282
43.8728
5.5942
46.3354
28.4279
63.7870
31.1949
27.2385
44.0124
32.1949
12.0223
31.5716
54.7955
30.2771
13.3548
21.2984
23.6265
61.8154
55.2210
10.6890
42.7460
39.1624
38.8496
37.5420
37.3556
11.6868
38.2361
25.2501
22.1373
34.3399
24.5118
51.0939
15.9004
59.1852
46.6697
51.2730
17.4102
42.2462
56.3608
50.2616
23.1631
22.8508
26.0165
38.8655
54.5741
14.8468
58.6011
51.8313
21.5679
39.2492
31.2381
63.4822
16.4769
62.8443
2.2464
25.9675
1.4324
45.6708
12.6319
13.2484
9.5140
2.7305
13.2564
49.4078
31.1757
30.8107
9.8338
7.3505
23.4128
60.8604
43.4799
38.2707
29.5746
14.3350
38.9379
51.4986
24.4197
49.7606
6.1731
59.3315
61.6408
46.8162
41.8132
14.0452
44.9601
19.9901
58.9845
59.4907
23.0579
30.5812
16.5139
7.0903
41.2251
45.9172
7.9304
6.2522
31.7169
8.4922
24.3944
11.5030
55.7915
62.8919
16.0196
50.8114
54.2828
35.9527
14.3625
56.4740
15.8109
25.8962
60.9034
38.4055
15.2013
51.2186
50.2507
19.1761
14.4043
34.7723
49.8032
28.9352
27.4493
46.5222
42.3027
12.6452
28.2548
53.5470
55.4631
20.9130
42.4337
35.2719
13.7250
40.7542
49.8805
4.2278
27.4348
57.3302
51.9515
54.3817
58.5344
55.9268
46.7009
18.9365
49.0690
42.9728
61.4423
6.6871
37.2813
42.2072
42.2267
52.9731
15.9526
63.9293
9.7285
19.9545
8.8607
23.2555
15.1618
56.1934
30.5363
24.2202
5.6611
63.6665
48.8898
34.0265
32.0146
43.9304
58.9461
60.9481
50.6833
44.2729
57.9301
52.1585
53.4697
5.0920
23.1536
28.7873
17.3546
21.9374
51.9223
14.2575
47.9958
51.2321
14.0886
54.7293
6.7812
46.1260
5.7092
56.6985
52.0244
32.0950
38.4495
21.8480
24.1967
32.6899
0.1584
51.0345
14.4120
14.4491
42.5047
11.8767
63.9736
25.1355
41.2496
41.6408
6.3289
58.8380
1.5647
10.8743
37.4851
11.8497
27.0755
2.2588
5.8038
1.5786
4.0595
40.3511
48.0804
27.5953
14.0143
14.0780
40.4551
45.9850
21.7174
27.3064
54.1443
7.2211
53.9722
24.3494
23.4456
23.3497
10.3247
34.1184
28.7312
14.1590
40.0687
17.2015
10.6135
63.0145
34.4894
42.7862
57.5597
11.0333
51.9035
55.1245
33.4754
32.1408
18.2065
8.6099
43.4263
53.4667
22.8898
30.1090
34.2868
59.0333
44.9124
1.2385
27.6655
40.9603
12.1135
36.2193
22.4338
26.1821
4.2316
49.5511
31.5206
44.8301
12.5088
59.0763
34.5209
39.3154
52.6028
55.7215
55.0458
9.8203
60.0088
37.9259
40.3926
45.4235
33.1676
13.0554
49.6066
58.1668
48.9948
37.3284
29.0533
1.7349
5.4332
35.5391
59.1542
30.7995
11.1026
21.3837
22.9084
19.1125
2.5954
37.6075
32.5459
62.0271
40.9829
8.1140
55.8856
7.8587
22.7651
0.8096
60.3868
19.7576
36.9579
33.6152
49.7040
38.5332
43.6791
23.7157
45.4357
60.2380
2.5776
31.9450
3.7932
20.6714
44.5851
53.3323
56.3794
40.4188
26.5351
27.4631
17.9747
34.4215
13.1625
19.5657
6.5907
6.6630
39.0800
44.0470
2.7254
7.4146
4.2789
15.9543
15.6083
45.1135
25.6282
29.9231
5.1933
50.4269
43.0909
36.5792
18.0922
34.4577
24.1762
46.1666
4.4998
15.8822
24.8176
6.4799
0.4349
40.3751
20.8603
44.7152
0.8949
36.9022
44.0658
63.1702
15.0518
49.1525
40.5427
6.9460
61.4833
20.1766
37.5684
7.5737
6.0146
0.1301
29.7516
49.2443
50.7314
39.7631
27.9194
25.8030
17.0142
3.7475
20.1385
24.4608
43.7411
21.0512
48.6325
7.2476
23.5395
49.2885
11.4433
6.0119
50.4413
43.6829
37.0878
12.6918
24.7628
13.2638
54.3290
40.0340
32.2176
42.2475
3.1993
5.7918
1.2361
48.3699
50.4803
57.5390
48.6387
25.7941
30.1865
23.8269
38.9554
28.6647
63.9751
55.5434
51.5169
36.2767
5.8842
44.4507
38.0451
34.2210
37.2057
17.7470
8.3709
49.7237
57.8881
20.2847
19.5274
12.1088
62.5470
27.8063
53.1782
42.6689
56.2033
20.2613
50.8756
46.4399
57.4637
50.0106
40.3488
3.1538
23.4727
9.0155
41.1085
45.6814
36.2728
61.8648
62.9982
28.8213
7.7607
13.9955
5.1562
24.7834
48.8144
8.7886
48.2352
63.7365
49.1977
31.6738
8.9643
25.8913
63.8101
24.5615
1.8360
51.6230
58.5949
60.0471
57.2332
11.4692
20.1807
44.8647
25.7321
61.1821
37.8932
55.4857
19.8212
14.9060
56.6102
56.4978
12.7228
16.3018
46.1680
24.5710
12.8768
18.7691
26.8160
26.7365
26.3387
24.9771
58.3189
16.3839
7.8033
40.1747
39.4269
39.2634
29.4142
17.5865
43.1578
55.3972
47.4356
28.6470
0.5477
55.3548
25.3632
16.7946
50.9001
46.6901
60.2705
37.7506
18.6241
45.5601
24.0643
17.2253
14.1728
12.4321
50.3735
54.9424
20.0365
21.5374
24.5471
20.2218
56.8830
12.7518
10.8618
21.7221
34.0678
36.7783
21.0119
51.3057
37.4634
30.2804
25.1851
2.8714
3.0926
26.4240
52.5301
2.7109
16.7050
62.5144
40.0126
20.4184
23.6964
49.4180
5.5795
46.2469
27.6460
54.9310
39.5022
17.6921
1.5179
36.2533
38.4061
13.7070
18.5732
61.3626
54.4465
0.7961
34.6122
43.7505
34.8111
16.6883
59.4544
4.5997
50.6033
2.5746
5.5748
34.8212
40.8853
30.5414
48.1372
46.6395
57.5837
2.9764
34.4193
52.6472
63.6410
16.7610
57.8122
53.6528
63.5128
56.7374
54.9529
41.1182
53.1837
18.6274
34.7455
28.2416
45.6593
47.3528
16.7838
50.9446
18.4240
0.1073
38.4761
39.0726
19.8656
63.5091
15.1853
20.9011
63.6156
9.1945
22.3191
44.9905
9.6154
43.7268
63.3997
7.1611
45.3857
7.5306
62.0989
37.8522
30.3858
38.7824
37.9310
39.9623
35.0998
26.3728
14.1144
41.6024
17.6294
36.5465
49.5106
34.0981
17.0173
27.4632
36.6942
6.1255
15.6657
2.6605
53.7411
1.2549
18.8721
36.5944
40.9933
5.9953
47.6759
51.0037
42.3109
50.3718
21.6730
9.7845
63.6253
31.7034
7.8602
54.4365
12.8423
11.7062
58.4114
27.0992
55.8172
3.6400
24.2087
0.7944
15.3592
20.1013
17.1034
43.7650
8.3853
31.7669
30.8323
19.1840
34.3658
52.1147
27.4593
35.4969
39.1057
33.8234
49.7573
0.3805
33.5727
10.5932
36.2924
7.5568
34.6705
25.1013
28.1298
25.9194
24.0403
50.8185
51.1599
52.6071
23.4115
38.7822
27.9131
14.6310
17.4575
1.1675
34.0076
19.8786
47.6321
52.3900
35.8498
21.8471
32.1479
60.9825
48.2937
23.3001
53.4669
57.8436
0.4699
6.4712
61.7015
24.3491
55.1754
2.8493
31.1114
25.6496
55.0521
23.1490
31.9769
63.9195
48.5030
4.0952
18.3546
38.8305
46.1968
60.4586
57.4744
23.4194
37.7218
62.6468
15.2198
24.7703
56.9696
15.9549
52.5873
58.5175
8.8770
29.6476
12.9974
21.9029
51.6157
40.7993
0.5665
14.9687
56.9355
11.1972
7.9106
59.2316
27.1524
51.4326
43.5667
59.4172
17.9644
13.1082
17.4669
61.7549
11.7892
1.9621
42.7582
1.4299
44.3469
20.0576
44.7036
51.8780
48.2885
58.0924
57.6152
6.5368
56.8578
58.1657
3.0634
4.1149
0.5130
36.8266
56.2140
2.7908
7.5306
31.8264
30.4077
1.2250
23.9373
39.2969
56.4226
43.6211
30.7782
31.0545
40.0899
12.9852
23.0389
45.8802
30.8801
52.2300
3.6684
12.9913
17.3849
0.7517
41.4057
3.5900
55.3300
24.9931
52.9380
16.2162
21.7517
27.0521
49.3516
1.8722
35.9506
62.8158
14.5733
22.4113
33.6940
3.0935
19.8718
26.2547
18.3008
22.7365
36.3095
6.5550
9.7377
28.2722
39.2735
44.8170
18.9618
21.5319
7.0445
5.4800
58.6653
5.3327
30.3060
14.5411
12.8625
13.3021
6.0801
50.6066
9.5388
32.4950
54.9735
5.6343
7.5159
33.4907
5.0331
58.3602
63.9981
52.9791
56.7392
62.5812
24.7589
27.7237
44.9594
58.7537
35.7011
39.1989
35.4689
14.2301
24.3669
22.5758
53.6530
45.7961
2.3639
57.8107
16.1595
62.6203
60.0150
36.7081
17.0553
32.1649
11.2391
12.0239
5.5784
48.6345
60.4221
28.0813
4.1283
39.6739
35.7241
23.5475
48.4958
25.5825
56.8528
44.0314
8.2238
5.2354
37.4936
32.4165
60.9224
21.7353
60.3829
48.3911
31.3496
31.3662
17.5004
19.6692
37.1326
22.9701
6.8940
16.5441
26.0768
58.2787
16.6763
34.2527
26.8574
15.7777
58.0458
14.1441
45.2879
18.2105
30.1744
48.6370
47.2942
35.3678
38.2783
18.0328
1.5846
30.7386
55.0488
36.5305
16.2785
6.1987
51.1566
41.2556
7.8794
13.7725
50.8660
30.5198
21.8582
23.8302
12.2208
40.3603
44.4103
29.2036
3.4570
38.0852
41.5873
10.1142
58.4566
39.0622
27.3474
52.9798
28.4114
17.2370
7.9705
18.6762
33.9985
40.0048
11.7403
10.5864
57.4250
18.2507
39.7009
42.3583
50.8557
21.6556
17.9306
49.1463
16.1140
26.9744
53.0600
10.2089
15.0601
30.7035
38.0564
59.9020
40.2906
63.5276
5.4625
35.6038
33.3168
41.8763
5.8623
0.7615
16.3298
34.7699
46.9907
44.5757
59.1157
54.9612
53.6076
54.2766
8.6732
7.5673
55.1243
60.9710
49.3640
47.7882
36.2901
11.3651
23.0150
28.1926
20.9432
2.6286
31.9060
14.7472
38.7143
16.5701
7.9931
52.6816
9.0559
61.0431
48.3938
25.4298
18.0487
24.8308
52.2435
54.9305
27.1391
5.4785
41.7269
59.7776
47.9331
54.7676
42.3552
32.1901
15.6866
21.8019
59.0553
5.9392
53.7207
24.8039
62.0268
60.4369
60.6211
8.5592
49.7570
55.2293
16.7675
10.0310
50.9676
55.9776
35.6520
16.3233
17.2109
57.8760
52.8207
52.9980
34.1666
27.6943
57.0830
31.0547
11.1922
49.4746
5.2620
33.2126
3.8982
28.6785
2.1938
44.8809
30.1091
27.1769
10.9317
1.6610
40.2033
48.9542
27.1146
61.0619
6.0628
46.0140
54.6661
28.2319
39.7582
23.7066
39.1142
52.5533
37.3224
12.9671
9.3021
38.3522
6.6660
29.7855
62.0669
22.6578
28.5418
31.5852
14.6738
25.7000
21.3209
8.8529
50.3323
55.6645
14.4579
51.7741
32.9083
46.5125
17.1308
43.6932
2.7259
18.1143
23.3740
47.4896
37.6432
63.7181
63.8628
39.1196
39.7330
17.3972
40.0669
39.4063
2.1247
16.9192
35.6096
57.3946
55.4688
55.9775
19.5427
7.4667
30.3733
39.2137
16.9782
38.3354
14.1770
29.8588
33.6857
8.9835
41.2432
23.4722
25.1323
2.6407
35.2411
43.6682
19.6178
53.9059
29.1020
59.5434
37.0001
40.3120
36.3044
36.7076
16.3322
31.6787
29.1071
6.9304
11.7453
40.4251
4.9657
31.1792
50.6177
46.8330
44.8869
48.1357
14.7788
62.8918
49.8221
13.7960
36.9197
22.0606
59.1595
16.6994
60.3431
10.5072
23.5108
17.9472
45.7009
40.1779
37.2331
51.7869
1.2870
47.0351
33.4364
9.3519
5.2191
23.6670
0.0132
44.2021
2.3563
10.9870
12.8192
13.2905
62.1541
36.0579
49.6633
63.5381
1.0788
12.4262
39.4563
46.8153
32.3336
41.0508
4.9486
28.9120
12.7122
4.3981
10.0636
59.4127
54.0674
50.6360
15.8144
54.7169
42.6001
37.0999
38.0254
60.9834
61.7758
3.2014
26.8135
46.0032
11.3703
14.1302
8.1364
15.7916
45.5024
25.5852
62.1250
3.1461
18.7640
32.8699
16.7198
55.6271
12.9945
19.9704
10.2732
39.4861
27.7326
39.1637
13.6782
18.0121
50.0460
33.8778
6.5634
37.6000
14.5770
51.0131
54.3510
38.2050
21.9913
20.6533
25.4074
56.3090
20.6100
41.6323
47.8331
5.5942
36.8265
13.2639
7.6642
25.2500
6.6691
60.4906
11.8481
60.6892
27.3712
24.0189
36.5788
60.0248
2.9010
51.4461
20.5600
35.8391
60.7086
15.3211
4.8852
20.9547
53.5754
60.4608
37.5651
57.6981
13.2684
53.7902
47.6394
43.8838
52.5420
2.7954
15.9385
6.8252
49.5203
53.6760
17.8524
15.4251
38.6791
8.5591
51.8453
25.3714
58.3174
62.1575
26.0347
19.9230
25.3395
59.2805
45.4738
16.9145
41.0121
36.8396
55.9259
36.1519
63.5068
15.0876
41.8529
25.3253
9.8860
46.7396
24.9130
21.2164
57.6960
44.2968
23.1263
58.3186
10.3397
63.9859
14.1077
13.3500
40.1640
10.7040
33.2950
53.4842
28.2459
36.0372
32.1415
58.1183
23.0996
44.1813
15.4650
63.9519
42.7610
53.0850
43.5519
8.2885
7.7068
48.5067
16.2160
6.5919
47.9260
22.7558
61.4263
4.9334
4.3086
11.2419
0.2922
38.5207
3.8950
46.2008
27.5726
24.5842
29.2388
58.7092
46.5488
39.9400
52.2154
63.1469
27.3426
47.7490
10.0361
42.4156
25.6468
32.2477
25.8749
15.3987
11.1008
25.6372
44.4287
15.1970
0.8210
62.0456
29.7145
36.3105
57.7001
62.2737
27.6970
52.8330
9.3653
59.1146
40.9709
5.1979
27.6596
17.6506
59.3652
9.2217
40.7973
33.9426
11.8557
7.9793
26.5647
58.6812
9.4256
59.7770
52.3867
31.4576
30.3052
2.0941
8.0240
42.8970
11.5169
5.2401
30.9808
50.5023
15.5362
20.8478
27.9679
15.2513
13.3602
25.5677
37.4634
15.3965
3.2657
54.0641
0.8680
47.7124
61.6557
22.4532
25.6862
6.5839
63.7929
53.9430
12.4126
48.4735
47.3494
5.5372
32.0048
30.6786
50.3963
46.2969
35.1797
42.7438
46.8620
23.8517
25.3392
40.1960
63.7717
36.7338
58.3527
28.3355
19.4527
28.6687
53.2390
22.3706
21.3811
7.5594
5.5865
60.4449
56.2641
10.1948
4.1665
49.0222
3.8967
32.9860
14.4378
61.8352
62.4524
50.9266
39.2601
21.2810
15.1708
16.1844
39.1942
28.3884
17.7761
49.8092
12.3101
55.0682
31.6648
48.6424
27.3733
49.6401
23.9162
33.4876
56.0688
62.5492
42.3260
58.1514
28.3191
10.5144
38.6115
26.4091
59.6559
18.7883
19.9717
13.9641
5.1170
8.5173
6.1365
46.8321
9.9399
34.2221
34.8385
25.4496
61.0926
40.1411
14.0669
7.2790
22.5273
21.8283
11.8230
54.5591
10.9397
21.2359
6.9762
15.2637
5.9502
8.1147
28.3698
56.4552
19.2648
24.6904
38.7685
7.5223
18.9255
11.5441
48.7609
7.2191
43.1569
1.9857
32.3427
2.0046
16.6842
50.7400
21.9033
33.8119
40.2620
25.4744
3.3881
55.8474
61.5311
9.4164
21.7015
54.1359
52.2710
35.4620
63.6429
60.1400
61.7162
18.9864
50.9243
27.2790
16.9708
24.2587
20.8514
13.9482
43.6908
30.6059
12.0174
12.5489
28.9198
25.8559
32.0770
6.9278
26.9572
14.1386
37.5181
22.7376
47.8689
15.6573
54.8447
51.4983
33.9086
8.3761
28.2481
14.7540
18.3811
11.3120
18.5920
16.3726
12.0311
19.7431
20.6431
62.7620
35.3542
63.9985
17.5203
1.8531
49.5735
29.6913
18.9266
48.7703
21.3310
40.6301
45.5013
22.7985
21.3506
11.0468
12.1707
23.1725
51.3118
5.7282
21.2284
55.6589
45.5237
25.0181
30.5139
15.3961
6.0443
43.1062
10.7109
42.0206
21.6755
11.4561
38.7138
47.8150
19.5145
22.1374
38.7926
45.9548
24.0216
17.3827
63.7831
18.3866
63.1441
33.2419
42.1613
23.2483
7.6588
15.6446
12.9736
29.7901
40.4209
28.2777
9.4637
47.1069
61.3369
60.8531
35.8654
49.2368
38.6137
11.6356
52.4930
30.6807
48.2491
57.7273
17.9233
9.6550
53.6064
58.5916
2.8160
28.0032
34.8195
26.8839
27.3824
42.5961
61.3315
15.1009
7.3338
40.9985
48.7000
47.6805
26.3870
42.8459
12.0085
27.9478
50.4870
0.0272
44.4513
20.7038
52.3692
26.2897
22.1565
36.5798
62.9496
20.9179
57.5059
53.6418
11.1845
23.0631
3.0412
38.0212
24.7247
21.6120
60.5130
25.2819
58.9633
14.8113
35.1029
34.6454
55.5584
25.9477
53.3192
22.3671
29.4408
41.7797
3.3180
4.7791
6.3918
30.4205
12.8399
8.1656
58.6756
34.4921
50.8479
39.7088
38.5426
13.8071
40.4919
29.9924
6.2690
63.8393
59.5679
26.5773
61.6640
24.3813
51.3874
19.8316
47.4058
33.4279
60.2673
37.3051
20.3226
34.5567
10.6031
17.1008
16.4558
28.1239
0.8268
30.7123
7.6974
60.2771
8.7079
21.7527
43.0896
6.3285
50.1862
32.5916
21.0582
20.2781
38.6030
33.3384
56.3588
52.6290
16.6694
62.8639
54.9190
58.2656
54.0208
4.3057
16.2203
23.2706
62.7869
55.8730
12.4208
60.0900
34.0080
59.1665
28.0188
33.7283
10.5521
7.3185
44.4898
17.0609
49.0622
30.9152
10.2417
13.4159
19.5183
56.6185
19.3202
39.0718
59.6326
49.4496
42.8350
55.9913
20.4639
47.1787
12.5157
23.5504
8.5027
18.3672
12.6161
4.6601
0.3383
6.2073
59.3086
45.6986
42.6077
41.9523
7.8895
29.8029
34.8781
20.5012
11.9751
18.9681
30.4258
33.0241
42.7738
61.6562
13.7623
19.6524
9.4801
24.4905
60.6604
25.3621
11.2035
12.4936
12.2623
0.5859
10.6412
41.9671
43.0007
10.3455
1.8559
11.5583
2.6615
20.5630
0.7193
37.3136
15.2902
5.4371
13.1305
27.1212
36.7012
55.8682
2.9695
49.8181
13.8368
51.8321
4.1065
43.5763
16.9186
26.7121
62.0811
0.8879
12.1333
16.5979
41.6255
44.1033
53.2851
17.4635
46.0123
12.8677
26.6753
40.8875
43.5048
6.3088
12.4664
40.6369
5.8266
4.3291
14.8082
62.1547
14.9700
11.5609
21.2279
55.1492
15.7089
13.5631
49.3007
48.2571
8.5470
47.3004
36.3552
33.8061
26.1330
50.0409
55.9402
22.0077
40.5457
34.8893
52.1601
32.4720
8.2397
35.6791
28.2615
62.6401
20.1936
33.9154
39.3420
2.2621
57.2920
15.1128
58.7832
22.9927
49.8794
45.3752
7.6032
25.8395
19.1778
15.5634
18.0273
18.2188
5.4114
6.5504
22.7131
35.0334
7.0357
35.1347
54.8442
9.7292
17.4950
14.4863
48.7163
9.3481
28.0995
57.6874
4.1787
4.1100
31.3533
39.3591
12.5875
54.9897
47.3327
15.0890
43.0857
53.3491
6.5600
48.6064
49.5482
29.4827
18.1496
28.3613
25.3277
56.9650
24.1357
62.8047
27.4220
34.8139
3.2818
17.9442
19.0549
62.1170
46.7235
36.7990
21.5857
17.7795
0.7046
11.0298
42.4544
54.8454
28.9277
63.1555
56.5025
5.5166
24.3894
32.9332
58.3405
52.2737
7.7625
50.8092
26.1359
2.6763
62.7811
13.0122
18.7677
54.5588
57.3684
30.5400
13.4878
3.9570
0.5506
34.6589
11.8697
